9999.96 -0.368054
9999.89 -0.737815
9999.78 -1.10757
9999.63 -1.47733
9999.45 -1.84708
9999.22 -2.21682
9998.97 -2.58656
9998.67 -2.95628
9998.34 -3.326
9997.97 -3.6957
9997.56 -4.06539
9997.12 -4.43506
9996.64 -4.80471
9996.12 -5.17435
9995.56 -5.54397
9994.97 -5.91357
9994.34 -6.28314
9993.68 -6.65269
9992.98 -7.02222
9992.24 -7.39171
9991.46 -7.76118
9990.65 -8.13062
9989.8 -8.50003
9988.91 -8.8694
9987.99 -9.23874
9987.03 -9.60805
9986.03 -9.97731
9984.99 -10.3465
9983.92 -10.7157
9982.81 -11.0849
9981.67 -11.454
9980.49 -11.823
9979.27 -12.192
9978.01 -12.561
9976.72 -12.9299
9975.39 -13.2988
9974.02 -13.6676
9972.62 -14.0364
9971.18 -14.4051
9969.7 -14.7737
9968.18 -15.1423
9966.63 -15.5108
9965.05 -15.8793
9963.42 -16.2477
9961.76 -16.6161
9960.06 -16.9843
9958.32 -17.3526
9956.55 -17.7207
9954.74 -18.0888
9952.9 -18.4568
9951.02 -18.8247
9949.1 -19.1926
9947.14 -19.5603
9945.15 -19.9281
9943.12 -20.2957
9941.05 -20.6632
9938.95 -21.0307
9936.81 -21.3981
9934.63 -21.7654
9932.42 -22.1326
9930.17 -22.4997
9927.88 -22.8667
9925.56 -23.2337
9923.2 -23.6005
9920.8 -23.9673
9918.37 -24.334
9915.9 -24.7005
9913.39 -25.067
9910.85 -25.4334
9908.27 -25.7997
9905.65 -26.1658
9903 -26.5319
9900.31 -26.8979
9897.58 -27.2637
9894.82 -27.6295
9892.02 -27.9951
9889.18 -28.3606
9886.31 -28.726
9883.4 -29.0913
9880.45 -29.4565
9877.47 -29.8216
9874.45 -30.1865
9871.4 -30.5514
9868.31 -30.9161
9865.18 -31.2807
9862.01 -31.6451
9858.81 -32.0095
9855.57 -32.3737
9852.3 -32.7378
9848.99 -33.1017
9845.64 -33.4655
9842.26 -33.8292
9838.84 -34.1928
9835.39 -34.5562
9831.89 -34.9195
9828.37 -35.2826
9824.8 -35.6456
9821.2 -36.0084
9817.56 -36.3712
9813.89 -36.7337
9810.18 -37.0961
9806.43 -37.4584
9802.65 -37.8205
9798.83 -38.1825
9794.98 -38.5443
9791.09 -38.906
9787.16 -39.2675
9783.2 -39.6288
9779.2 -39.99
9775.16 -40.3511
9771.09 -40.7119
9766.99 -41.0726
9762.84 -41.4332
9758.66 -41.7936
9754.45 -42.1538
9750.2 -42.5138
9745.91 -42.8737
9741.58 -43.2334
9737.23 -43.5929
9732.83 -43.9523
9728.4 -44.3114
9723.93 -44.6704
9719.43 -45.0292
9714.89 -45.3879
9710.32 -45.7463
9705.7 -46.1046
9701.06 -46.4627
9696.38 -46.8206
9691.66 -47.1783
9686.9 -47.5358
9682.12 -47.8931
9677.29 -48.2502
9672.43 -48.6072
9667.53 -48.9639
9662.6 -49.3204
9657.63 -49.6768
9652.63 -50.0329
9647.59 -50.3889
9642.52 -50.7446
9637.41 -51.1001
9632.26 -51.4555
9627.08 -51.8106
9621.86 -52.1655
9616.61 -52.5202
9611.32 -52.8746
9606 -53.2289
9600.64 -53.583
9595.25 -53.9368
9589.82 -54.2904
9584.35 -54.6438
9578.85 -54.997
9573.32 -55.3499
9567.75 -55.7026
9562.14 -56.0551
9556.5 -56.4074
9550.83 -56.7594
9545.12 -57.1112
9539.37 -57.4628
9533.59 -57.8142
9527.77 -58.1653
9521.92 -58.5161
9516.03 -58.8668
9510.11 -59.2171
9504.15 -59.5673
9498.16 -59.9172
9492.14 -60.2668
9486.07 -60.6163
9479.98 -60.9654
9473.85 -61.3143
9467.68 -61.663
9461.48 -62.0114
9455.24 -62.3596
9448.97 -62.7075
9442.67 -63.0551
9436.32 -63.4025
9429.95 -63.7496
9423.54 -64.0965
9417.1 -64.4431
9410.62 -64.7894
9404.1 -65.1355
9397.55 -65.4813
9390.97 -65.8268
9384.35 -66.172
9377.7 -66.517
9371.02 -66.8617
9364.3 -67.2062
9357.54 -67.5503
9350.75 -67.8942
9343.93 -68.2378
9337.07 -68.5811
9330.18 -68.9242
9323.25 -69.2669
9316.29 -69.6094
9309.29 -69.9515
9302.26 -70.2934
9295.2 -70.635
9288.1 -70.9763
9280.97 -71.3173
9273.81 -71.658
9266.61 -71.9984
9259.37 -72.3386
9252.1 -72.6784
9244.8 -73.0179
9237.47 -73.3571
9230.1 -73.696
9222.69 -74.0346
9215.26 -74.3729
9207.78 -74.7108
9200.28 -75.0485
9192.74 -75.3859
9185.17 -75.7229
9177.56 -76.0596
9169.92 -76.396
9162.25 -76.7321
9154.54 -77.0679
9146.8 -77.4033
9139.03 -77.7384
9131.22 -78.0732
9123.38 -78.4077
9115.51 -78.7418
9107.6 -79.0756
9099.66 -79.4091
9091.68 -79.7423
9083.67 -80.0751
9075.63 -80.4075
9067.56 -80.7397
9059.45 -81.0715
9051.31 -81.4029
9043.14 -81.734
9034.93 -82.0648
9026.69 -82.3952
9018.42 -82.7253
9010.11 -83.055
9001.78 -83.3844
8993.4 -83.7134
8985 -84.0421
8976.56 -84.3704
8968.09 -84.6984
8959.59 -85.026
8951.06 -85.3532
8942.49 -85.6801
8933.89 -86.0066
8925.25 -86.3327
8916.59 -86.6585
8907.89 -86.984
8899.16 -87.309
8890.39 -87.6337
8881.6 -87.958
8872.77 -88.2819
8863.91 -88.6055
8855.02 -88.9287
8846.09 -89.2515
8837.13 -89.5739
8828.14 -89.8959
8819.12 -90.2176
8810.07 -90.5389
8800.98 -90.8597
8791.86 -91.1802
8782.71 -91.5004
8773.53 -91.8201
8764.32 -92.1394
8755.07 -92.4583
8745.79 -92.7769
8736.48 -93.095
8727.14 -93.4127
8717.77 -93.7301
8708.37 -94.047
8698.93 -94.3636
8689.46 -94.6797
8679.96 -94.9954
8670.43 -95.3107
8660.87 -95.6256
8651.27 -95.9401
8641.65 -96.2542
8631.99 -96.5679
8622.3 -96.8811
8612.58 -97.194
8602.83 -97.5064
8593.05 -97.8184
8583.24 -98.1299
8573.39 -98.4411
8563.52 -98.7518
8553.61 -99.0621
8543.67 -99.372
8533.71 -99.6814
8523.71 -99.9904
8513.68 -100.299
8503.62 -100.607
8493.52 -100.915
8483.4 -101.222
8473.25 -101.529
8463.07 -101.835
8452.85 -102.141
8442.61 -102.447
8432.33 -102.752
8422.03 -103.056
8411.69 -103.361
8401.32 -103.664
8390.93 -103.968
8380.5 -104.27
8370.04 -104.573
8359.55 -104.875
8349.04 -105.176
8338.49 -105.477
8327.91 -105.778
8317.3 -106.078
8306.67 -106.377
8296 -106.676
8285.3 -106.975
8274.57 -107.273
8263.82 -107.571
8253.03 -107.868
8242.21 -108.165
8231.37 -108.461
8220.49 -108.757
8209.58 -109.052
8198.65 -109.347
8187.69 -109.642
8176.69 -109.936
8165.67 -110.229
8154.62 -110.522
8143.54 -110.814
8132.42 -111.106
8121.28 -111.398
8110.12 -111.689
8098.92 -111.979
8087.69 -112.269
8076.43 -112.559
8065.15 -112.848
8053.84 -113.136
8042.49 -113.424
8031.12 -113.712
8019.72 -113.999
8008.29 -114.285
7996.84 -114.571
7985.35 -114.857
7973.84 -115.142
7962.29 -115.426
7950.72 -115.71
7939.12 -115.994
7927.5 -116.277
7915.84 -116.559
7904.16 -116.841
7892.44 -117.122
7880.7 -117.403
7868.93 -117.683
7857.14 -117.963
7845.31 -118.242
7833.46 -118.521
7821.58 -118.799
7809.67 -119.077
7797.74 -119.354
7785.77 -119.631
7773.78 -119.907
7761.77 -120.182
7749.72 -120.457
7737.65 -120.732
7725.55 -121.006
7713.42 -121.279
7701.26 -121.552
7689.08 -121.824
7676.87 -122.096
7664.63 -122.367
7652.37 -122.638
7640.08 -122.908
7627.76 -123.178
7615.42 -123.447
7603.04 -123.715
7590.65 -123.983
7578.22 -124.251
7565.77 -124.517
7553.29 -124.784
7540.79 -125.049
7528.25 -125.314
7515.7 -125.579
7503.11 -125.843
7490.5 -126.106
7477.86 -126.369
7465.2 -126.631
7452.51 -126.893
7439.8 -127.154
7427.05 -127.415
7414.29 -127.675
7401.49 -127.934
7388.67 -128.193
7375.83 -128.451
7362.96 -128.709
7350.06 -128.966
7337.14 -129.222
7324.19 -129.478
7311.22 -129.734
7298.22 -129.988
7285.19 -130.243
7272.14 -130.496
7259.07 -130.749
7245.97 -131.001
7232.84 -131.253
7219.69 -131.504
7206.52 -131.755
7193.32 -132.005
7180.09 -132.254
7166.84 -132.503
7153.57 -132.751
7140.27 -132.999
7126.94 -133.246
7113.59 -133.492
7100.22 -133.738
7086.82 -133.983
7073.4 -134.228
7059.95 -134.472
7046.48 -134.715
7032.98 -134.958
7019.46 -135.2
7005.92 -135.441
6992.35 -135.682
6978.76 -135.922
6965.14 -136.162
6951.5 -136.401
6937.84 -136.639
6924.15 -136.877
6910.44 -137.114
6896.7 -137.351
6882.94 -137.587
6869.16 -137.822
6855.36 -138.057
6841.53 -138.291
6827.67 -138.524
6813.8 -138.757
6799.9 -138.989
6785.98 -139.22
6772.03 -139.451
6758.06 -139.681
6744.07 -139.911
6730.06 -140.14
6716.02 -140.368
6701.96 -140.595
6687.88 -140.822
6673.77 -141.049
6659.65 -141.274
6645.5 -141.499
6631.32 -141.724
6617.13 -141.948
6602.91 -142.171
6588.67 -142.393
6574.41 -142.615
6560.13 -142.836
6545.82 -143.056
6531.49 -143.276
6517.14 -143.495
6502.77 -143.714
6488.38 -143.932
6473.97 -144.149
6459.53 -144.365
6445.07 -144.581
6430.59 -144.797
6416.09 -145.011
6401.57 -145.225
6387.02 -145.438
6372.46 -145.651
6357.87 -145.862
6343.26 -146.074
6328.64 -146.284
6313.99 -146.494
6299.32 -146.703
6284.62 -146.912
6269.91 -147.119
6255.18 -147.327
6240.43 -147.533
6225.65 -147.739
6210.86 -147.944
6196.04 -148.148
6181.21 -148.352
6166.35 -148.555
6151.48 -148.758
6136.58 -148.959
6121.66 -149.16
6106.73 -149.361
6091.77 -149.56
6076.8 -149.759
6061.8 -149.957
6046.78 -150.155
6031.75 -150.352
6016.69 -150.548
6001.62 -150.744
5986.53 -150.938
5971.41 -151.133
5956.28 -151.326
5941.13 -151.519
5925.96 -151.711
5910.77 -151.902
5895.56 -152.093
5880.33 -152.283
5865.08 -152.472
5849.81 -152.66
5834.53 -152.848
5819.23 -153.035
5803.9 -153.222
5788.56 -153.408
5773.2 -153.593
5757.83 -153.777
5742.43 -153.961
5727.02 -154.144
5711.58 -154.326
5696.13 -154.507
5680.66 -154.688
5665.18 -154.868
5649.67 -155.047
5634.15 -155.226
5618.61 -155.404
5603.05 -155.581
5587.47 -155.758
5571.88 -155.934
5556.27 -156.109
5540.64 -156.283
5525 -156.457
5509.33 -156.63
5493.65 -156.802
5477.95 -156.973
5462.24 -157.144
5446.51 -157.314
5430.76 -157.484
5415 -157.652
5399.21 -157.82
5383.41 -157.987
5367.6 -158.154
5351.77 -158.32
5335.92 -158.485
5320.05 -158.649
5304.17 -158.813
5288.27 -158.976
5272.36 -159.138
5256.43 -159.299
5240.48 -159.46
5224.52 -159.62
5208.54 -159.779
5192.55 -159.937
5176.54 -160.095
5160.52 -160.252
5144.47 -160.409
5128.42 -160.564
5112.35 -160.719
5096.26 -160.873
5080.16 -161.027
5064.04 -161.179
5047.9 -161.331
5031.76 -161.483
5015.59 -161.633
4999.41 -161.783
4983.22 -161.932
4967.01 -162.08
4950.79 -162.228
4934.55 -162.374
4918.3 -162.521
4902.03 -162.666
4885.75 -162.81
4869.46 -162.954
4853.15 -163.098
4836.82 -163.24
4820.49 -163.382
4804.13 -163.523
4787.77 -163.663
4771.39 -163.802
4754.99 -163.941
4738.58 -164.079
4722.16 -164.216
4705.73 -164.353
4689.28 -164.489
4672.82 -164.624
4656.34 -164.758
4639.85 -164.891
4623.35 -165.024
4606.83 -165.156
4590.3 -165.288
4573.76 -165.418
4557.21 -165.548
4540.64 -165.677
4524.07 -165.728
4507.81 -162.59
4491.86 -159.478
4476.22 -156.391
4460.89 -153.324
4445.86 -150.275
4431.13 -147.322
4416.65 -144.769
4402.39 -142.568
4388.35 -140.441
4374.51 -138.386
4360.87 -136.397
4347.42 -134.474
4334.16 -132.611
4321.08 -130.808
4308.17 -129.061
4295.44 -127.368
4282.87 -125.726
4270.45 -124.133
4258.19 -122.588
4246.08 -121.088
4234.12 -119.632
4222.3 -118.217
4210.61 -116.842
4199.06 -115.506
4187.64 -114.207
4176.35 -112.944
4165.18 -111.715
4154.13 -110.519
4143.19 -109.355
4132.37 -108.221
4121.66 -107.118
4111.05 -106.042
4100.55 -104.994
4090.15 -103.973
4079.86 -102.978
4069.66 -102.007
4059.55 -101.06
4049.54 -100.136
4039.61 -99.2352
4029.78 -98.3557
4020.03 -97.4971
4010.36 -96.6588
4000.78 -95.8401
3991.27 -95.0406
3981.85 -94.2594
3972.5 -93.4962
3963.22 -92.7503
3954.02 -92.0213
3944.89 -91.3086
3935.83 -90.6117
3926.83 -89.9302
3917.91 -89.2636
3909.05 -88.6115
3900.25 -87.9735
3891.51 -87.3492
3882.84 -86.7381
3874.23 -86.14
3865.67 -85.5545
3857.17 -84.9812
3848.73 -84.4199
3840.34 -83.87
3832.01 -83.3315
3823.73 -82.8039
3815.5 -82.287
3807.32 -81.7805
3799.19 -81.2841
3791.11 -80.7976
3783.08 -80.3207
3775.1 -79.8532
3767.16 -79.3948
3759.26 -78.9453
3751.41 -78.5045
3743.6 -78.0721
3735.84 -77.6481
3728.12 -77.2321
3720.43 -76.8239
3712.79 -76.4234
3705.19 -76.0305
3697.62 -75.6448
3690.1 -75.2663
3682.61 -74.8948
3675.15 -74.5301
3667.74 -74.172
3660.36 -73.8205
3653.01 -73.4753
3645.69 -73.1363
3638.41 -72.8033
3631.17 -72.4764
3623.95 -72.1552
3616.77 -71.8397
3609.61 -71.5297
3602.49 -71.2252
3595.4 -70.926
3588.33 -70.6319
3581.3 -70.343
3574.29 -70.059
3567.32 -69.7799
3560.37 -69.5056
3553.44 -69.2359
3546.54 -68.9708
3539.67 -68.7101
3532.83 -68.4539
3526.01 -68.2019
3519.21 -67.9541
3512.44 -67.7104
3505.69 -67.4708
3498.97 -67.2351
3492.27 -67.0032
3485.59 -66.7752
3478.94 -66.5508
3472.3 -66.3301
3465.69 -66.113
3459.1 -65.8994
3452.53 -65.6891
3445.99 -65.4823
3439.46 -65.2787
3432.95 -65.0784
3426.46 -64.8812
3419.99 -64.6872
3413.54 -64.4962
3407.11 -64.3082
3400.7 -64.1231
3394.31 -63.9409
3387.93 -63.7615
3381.57 -63.5849
3375.23 -63.411
3368.91 -63.2397
3362.6 -63.0711
3356.31 -62.9051
3350.03 -62.7416
3343.77 -62.5805
3337.53 -62.4219
3331.31 -62.2656
3325.09 -62.1117
3318.9 -61.9601
3312.72 -61.8108
3306.55 -61.6637
3300.4 -61.5187
3294.26 -61.3759
3288.14 -61.2352
3282.03 -61.0966
3275.93 -60.9599
3269.85 -60.8253
3263.78 -60.6926
3257.72 -60.5619
3251.68 -60.433
3245.65 -60.306
3239.63 -60.1808
3233.63 -60.0574
3227.63 -59.9357
3221.65 -59.8158
3215.68 -59.6976
3209.72 -59.581
3203.78 -59.4661
3197.84 -59.3528
3191.92 -59.2411
3186 -59.131
3180.1 -59.0224
3174.21 -58.9152
3168.33 -58.8096
3162.46 -58.7054
3156.6 -58.6027
3150.75 -58.5013
3144.91 -58.4014
3139.08 -58.3028
3133.26 -58.2055
3127.44 -58.1096
3121.64 -58.015
3115.85 -57.9216
3110.07 -57.8295
3104.29 -57.7386
3098.53 -57.6489
3092.77 -57.5604
3087.03 -57.4731
3081.29 -57.3869
3075.56 -57.3019
3069.83 -57.218
3064.12 -57.1352
3058.42 -57.0534
3052.72 -56.9728
3047.03 -56.8931
3041.35 -56.8145
3035.67 -56.7369
3030.01 -56.6603
3024.35 -56.5847
3018.7 -56.5101
3013.05 -56.4364
3007.42 -56.3636
3001.79 -56.2917
2996.17 -56.2208
2990.55 -56.1507
2984.94 -56.0816
2979.34 -56.0132
2973.75 -55.9458
2968.16 -55.8791
2962.58 -55.8133
2957 -55.7483
2951.43 -55.6841
2945.87 -55.6207
2940.32 -55.558
2934.77 -55.4961
2929.22 -55.435
2923.68 -55.3746
2918.15 -55.3149
2912.63 -55.2559
2907.11 -55.1977
2901.59 -55.1401
2896.08 -55.0832
2890.58 -55.027
2885.08 -54.9714
2879.59 -54.9165
2874.11 -54.8622
2868.63 -54.8086
2863.15 -54.7555
2857.68 -54.7031
2852.21 -54.6513
2846.75 -54.6001
2841.3 -54.5495
2835.85 -54.4994
2830.4 -54.4499
2824.96 -54.401
2819.53 -54.3526
2814.1 -54.3047
2808.67 -54.2574
2803.25 -54.2106
2797.83 -54.1643
2792.42 -54.1186
2787.02 -54.0733
2781.61 -54.0285
2776.21 -53.9842
2770.82 -53.9404
2765.43 -53.8971
2760.04 -53.8542
2754.66 -53.8118
2749.29 -53.7698
2743.91 -53.7283
2738.54 -53.6872
2733.18 -53.6466
2727.82 -53.6064
2722.46 -53.5665
2717.11 -53.5271
2711.76 -53.4881
2706.42 -53.4496
2701.07 -53.4114
2695.74 -53.3735
2690.4 -53.3361
2685.07 -53.2991
2679.75 -53.2624
2674.42 -53.226
2669.11 -53.1901
2663.79 -53.1545
2658.48 -53.1192
2653.17 -53.0843
2647.86 -53.0498
2642.56 -53.0155
2637.26 -52.9816
2631.97 -52.948
2626.68 -52.9148
2621.39 -52.8818
2616.1 -52.8492
2610.82 -52.8168
2605.54 -52.7848
2600.27 -52.7531
2595 -52.7216
2589.73 -52.6905
2584.46 -52.6596
2579.2 -52.629
2573.94 -52.5987
2568.68 -52.5687
2563.43 -52.5389
2558.18 -52.5094
2552.93 -52.4801
2547.68 -52.4511
2542.44 -52.4224
2537.2 -52.3939
2531.96 -52.3657
2526.73 -52.3377
2521.5 -52.3099
2516.27 -52.2824
2511.05 -52.2551
2505.82 -52.228
2500.6 -52.2012
2495.39 -52.1745
2490.17 -52.1481
2484.96 -52.1219
2479.75 -52.096
2474.54 -52.0702
2469.34 -52.0446
2464.13 -52.0193
2458.94 -51.9941
2453.74 -51.9691
2448.54 -51.9444
2443.35 -51.9198
2438.16 -51.8954
2432.97 -51.8712
2427.79 -51.8472
2422.61 -51.8234
2417.43 -51.7997
2412.25 -51.7762
2407.07 -51.7529
2401.9 -51.7298
2396.73 -51.7068
2391.56 -51.684
2386.4 -51.6614
2381.23 -51.6389
2376.07 -51.6166
2370.91 -51.5944
2365.75 -51.5724
2360.6 -51.5505
2355.45 -51.5288
2350.29 -51.5073
2345.15 -51.4859
2340 -51.4646
2334.85 -51.4435
2329.71 -51.4225
2324.57 -51.4016
2319.43 -51.3809
2314.3 -51.3603
2309.16 -51.3399
2304.03 -51.3196
2298.9 -51.2994
2293.77 -51.2793
2288.65 -51.2594
2283.52 -51.2396
2278.4 -51.2199
2273.28 -51.2003
2268.16 -51.1809
2263.05 -51.1615
2257.93 -51.1423
2252.82 -51.1232
2247.71 -51.1042
2242.6 -51.0853
2237.49 -51.0665
2232.39 -51.0479
2227.29 -51.0293
2222.19 -51.0108
2217.09 -50.9925
2211.99 -50.9742
2206.89 -50.9561
2201.8 -50.938
2196.71 -50.92
2191.62 -50.9022
2186.53 -50.8844
2181.44 -50.8667
2176.36 -50.8491
2171.27 -50.8316
2166.19 -50.8142
2161.11 -50.7969
2156.03 -50.7796
2150.96 -50.7625
2145.88 -50.7454
2140.81 -50.7285
2135.74 -50.7115
2130.67 -50.6947
2125.6 -50.678
2120.54 -50.6613
2115.47 -50.6447
2110.41 -50.6282
2105.35 -50.6118
2100.29 -50.5954
2095.23 -50.5792
2090.17 -50.563
2085.12 -50.5468
2080.06 -50.5307
2075.01 -50.5147
2069.96 -50.4988
2064.91 -50.483
2059.87 -50.4672
2054.82 -50.4514
2049.78 -50.4358
2044.74 -50.4202
2039.7 -50.4046
2034.66 -50.3891
2029.62 -50.3737
2024.58 -50.3584
2019.55 -50.3431
2014.52 -50.3278
2009.49 -50.3127
2004.46 -50.2975
1999.43 -50.2825
1994.4 -50.2675
1989.37 -50.2525
1984.35 -50.2376
1979.33 -50.2228
1974.31 -50.208
1969.29 -50.1933
1964.27 -50.1786
1959.25 -50.1639
1954.24 -50.1493
1949.23 -50.1348
1944.21 -50.1203
1939.2 -50.1059
1934.19 -50.0915
1929.19 -50.0772
1924.18 -50.0629
1919.17 -50.0486
1914.17 -50.0344
1909.17 -50.0202
1904.17 -50.0061
1899.17 -49.9921
1894.17 -49.978
1889.17 -49.964
1884.18 -49.9501
1879.19 -49.9362
1874.19 -49.9223
1869.2 -49.9085
1864.21 -49.8947
1859.22 -49.881
1854.24 -49.8673
1849.25 -49.8536
1844.27 -49.84
1839.29 -49.8264
1834.3 -49.8128
1829.32 -49.7993
1824.35 -49.7858
1819.37 -49.7724
1814.39 -49.7589
1809.42 -49.7456
1804.44 -49.7322
1799.47 -49.7189
1794.5 -49.7056
1789.53 -49.6924
1784.56 -49.6792
1779.6 -49.666
1774.63 -49.6528
1769.67 -49.6397
1764.71 -49.6266
1759.74 -49.6136
1754.78 -49.6005
1749.82 -49.5875
1744.87 -49.5746
1739.91 -49.5616
1734.96 -49.5487
1730 -49.5358
1725.05 -49.523
1720.1 -49.5102
1715.15 -49.4974
1710.2 -49.4846
1705.25 -49.4718
1700.31 -49.4591
1695.36 -49.4464
1690.42 -49.4338
1685.48 -49.4211
1680.54 -49.4085
1675.6 -49.3959
1670.66 -49.3833
1665.72 -49.3708
1660.78 -49.3583
1655.85 -49.3458
1650.92 -49.3333
1645.98 -49.3208
1641.05 -49.3084
1636.12 -49.296
1631.2 -49.2836
1626.27 -49.2713
1621.34 -49.2589
1616.42 -49.2466
1611.49 -49.2343
1606.57 -49.222
1601.65 -49.2098
1596.73 -49.1975
1591.81 -49.1853
1586.89 -49.1731
1581.98 -49.161
1577.06 -49.1488
1572.15 -49.1367
1567.24 -49.1246
1562.33 -49.1125
1557.42 -49.1004
1552.51 -49.0883
1547.6 -49.0763
1542.69 -49.0642
1537.79 -49.0522
1532.88 -49.0403
1527.98 -49.0283
1523.08 -49.0163
1518.18 -49.0044
1513.28 -48.9925
1508.38 -48.9806
1503.48 -48.9687
1498.59 -48.9568
1493.69 -48.945
1488.8 -48.9331
1483.91 -48.9213
1479.02 -48.9095
1474.13 -48.8977
1469.24 -48.8859
1464.35 -48.8742
1459.46 -48.8624
1454.58 -48.8507
1449.7 -48.839
1444.81 -48.8273
1439.93 -48.8156
1435.05 -48.804
1430.17 -48.7923
1425.29 -48.7807
1420.42 -48.769
1415.54 -48.7574
1410.67 -48.7458
1405.79 -48.7342
1400.92 -48.7227
1396.05 -48.7111
1391.18 -48.6996
1386.31 -48.688
1381.44 -48.6765
1376.58 -48.665
1371.71 -48.6535
1366.85 -48.642
1361.98 -48.6306
1357.12 -48.6191
1352.26 -48.6077
1347.4 -48.5962
1342.54 -48.5848
1337.68 -48.5734
1332.83 -48.562
1327.97 -48.5506
1323.12 -48.5393
1318.27 -48.5279
1313.41 -48.5165
1308.56 -48.5052
1303.71 -48.4939
1298.87 -48.4826
1294.02 -48.4713
1289.17 -48.46
1284.33 -48.4487
1279.48 -48.4374
1274.64 -48.4261
1269.8 -48.4085
1264.96 -48.3671
1260.13 -48.3022
1255.31 -48.2143
1250.5 -48.1036
1245.7 -47.9706
1240.92 -47.8165
1236.16 -47.6449
1231.41 -47.4595
1226.68 -47.2637
1221.98 -47.061
1217.29 -46.8545
1212.63 -46.6474
1207.98 -46.4423
1203.36 -46.2411
1198.75 -46.0452
1194.17 -45.8558
1189.6 -45.6732
1185.05 -45.4976
1180.52 -45.3287
1176 -45.166
1171.5 -45.0086
1167.02 -44.8557
1162.54 -44.7064
1158.09 -44.5597
1153.65 -44.4147
1149.22 -44.2706
1144.81 -44.1267
1140.41 -43.9824
1136.03 -43.8373
1131.66 -43.6912
1127.3 -43.5439
1122.96 -43.3953
1118.64 -43.2454
1114.33 -43.0945
1110.03 -42.9428
1105.75 -42.7903
1101.49 -42.6375
1097.24 -42.4845
1093.01 -42.3316
1088.79 -42.179
1084.59 -42.0269
1080.4 -41.8754
1076.23 -41.7247
1072.07 -41.5749
1067.93 -41.4259
1063.8 -41.2779
1059.69 -41.1308
1055.59 -40.9845
1051.5 -40.8391
1047.43 -40.6944
1043.38 -40.5504
1039.34 -40.4071
1035.31 -40.2643
1031.3 -40.122
1027.3 -39.9802
1023.32 -39.8387
1019.35 -39.6976
1015.39 -39.5569
1011.45 -39.4165
1007.52 -39.2764
1003.61 -39.1366
999.709 -38.9971
995.823 -38.858
991.951 -38.7192
988.093 -38.5808
984.249 -38.4428
980.418 -38.3051
976.601 -38.1679
972.798 -38.0311
969.008 -37.8947
965.232 -37.7588
961.47 -37.6233
957.721 -37.4883
953.986 -37.3538
950.264 -37.2197
946.555 -37.086
942.859 -36.9529
939.177 -36.8201
935.508 -36.6878
931.853 -36.5559
928.21 -36.4245
924.581 -36.2935
920.964 -36.1629
917.361 -36.0327
913.771 -35.9029
910.193 -35.7735
906.629 -35.6446
903.077 -35.516
899.538 -35.3878
896.012 -35.2601
892.499 -35.1327
888.998 -35.0058
885.51 -34.8792
882.035 -34.753
878.572 -34.6273
875.122 -34.5019
871.684 -34.377
868.259 -34.2524
864.846 -34.1283
861.445 -34.0045
858.057 -33.8812
854.681 -33.7582
851.317 -33.6356
847.966 -33.5135
844.627 -33.3917
841.3 -33.2704
837.984 -33.1494
834.682 -33.0288
831.391 -32.9086
828.112 -32.7888
824.845 -32.6694
821.589 -32.5504
818.346 -32.4318
815.115 -32.3135
811.895 -32.1957
808.687 -32.0782
805.491 -31.9611
802.306 -31.8444
799.134 -31.7281
795.972 -31.6121
792.823 -31.4965
789.684 -31.3813
786.558 -31.2665
783.442 -31.1521
780.338 -31.038
777.246 -30.9243
774.165 -30.811
771.095 -30.698
768.036 -30.5854
764.989 -30.4732
761.953 -30.3614
758.927 -30.2499
755.914 -30.1388
752.911 -30.0281
749.919 -29.9177
746.938 -29.8077
743.968 -29.6981
741.009 -29.5888
738.061 -29.4799
735.124 -29.3713
732.197 -29.2631
729.282 -29.1553
726.377 -29.0478
723.483 -28.9407
720.599 -28.8339
717.726 -28.7275
714.864 -28.6214
712.013 -28.5157
709.171 -28.4104
706.341 -28.3054
703.521 -28.2007
700.711 -28.0965
697.912 -27.9925
695.123 -27.8889
692.344 -27.7856
689.576 -27.6827
686.817 -27.5802
684.07 -27.478
681.332 -27.3761
678.604 -27.2745
675.887 -27.1734
673.18 -27.0725
670.482 -26.972
667.795 -26.8718
665.118 -26.772
662.45 -26.6725
659.793 -26.5733
657.145 -26.4745
654.508 -26.376
651.88 -26.2778
649.262 -26.18
646.654 -26.0825
644.055 -25.9853
641.466 -25.8885
638.887 -25.792
636.317 -25.6958
633.757 -25.6
631.206 -25.5044
628.665 -25.4092
626.134 -25.3144
623.612 -25.2198
621.099 -25.1256
618.596 -25.0316
616.102 -24.9381
613.617 -24.8448
611.142 -24.7518
608.676 -24.6592
606.219 -24.5669
603.772 -24.4749
601.333 -24.3832
598.904 -24.2918
596.484 -24.2008
594.073 -24.11
591.671 -24.0196
589.278 -23.9294
586.894 -23.8396
584.519 -23.7501
582.153 -23.6609
579.795 -23.572
577.447 -23.4835
575.107 -23.3952
572.776 -23.3072
570.454 -23.2195
568.141 -23.1322
565.836 -23.0451
563.541 -22.9583
561.253 -22.8719
558.975 -22.7857
556.705 -22.6998
554.443 -22.6143
552.19 -22.529
549.946 -22.444
547.71 -22.3593
545.482 -22.275
543.263 -22.1909
541.052 -22.1071
538.85 -22.0236
536.655 -21.9403
534.47 -21.8574
532.292 -21.7748
530.123 -21.6924
527.962 -21.6104
525.809 -21.5286
523.664 -21.4471
521.527 -21.3659
519.399 -21.285
517.278 -21.2043
515.166 -21.124
513.061 -21.0439
510.965 -20.9641
508.876 -20.8846
506.795 -20.8054
504.723 -20.7264
502.658 -20.6478
500.601 -20.5694
498.552 -20.4912
496.51 -20.4134
494.477 -20.3358
492.451 -20.2585
490.432 -20.1815
488.422 -20.1047
486.419 -20.0282
484.424 -19.952
482.436 -19.8761
480.456 -19.8004
478.483 -19.725
476.518 -19.6498
474.561 -19.575
472.61 -19.5003
470.668 -19.426
468.732 -19.3519
466.805 -19.2781
464.884 -19.2045
462.971 -19.1312
461.065 -19.0582
459.166 -18.9854
457.275 -18.9129
455.391 -18.8406
453.514 -18.7686
451.644 -18.6969
449.781 -18.6254
447.926 -18.5542
446.078 -18.4832
444.236 -18.4125
442.402 -18.342
440.575 -18.2718
438.754 -18.2018
436.941 -18.1321
435.135 -18.0626
433.335 -17.9934
431.543 -17.9244
429.757 -17.8557
427.978 -17.7872
426.206 -17.719
424.441 -17.651
422.683 -17.5832
420.931 -17.5157
419.186 -17.4485
417.448 -17.3814
415.716 -17.3147
413.992 -17.2481
412.273 -17.1818
410.562 -17.1158
408.856 -17.05
407.158 -16.9844
405.466 -16.919
403.781 -16.8539
402.102 -16.789
400.429 -16.7244
398.763 -16.66
397.103 -16.5958
395.45 -16.5319
393.803 -16.4682
392.163 -16.4047
390.528 -16.3414
388.9 -16.2784
387.279 -16.2156
385.663 -16.1531
384.054 -16.0907
382.451 -16.0286
380.854 -15.9667
379.264 -15.9051
377.679 -15.8436
376.101 -15.7824
374.529 -15.7214
372.963 -15.6607
371.403 -15.6001
369.849 -15.5398
368.3 -15.4797
366.758 -15.4198
365.222 -15.3601
363.692 -15.3007
362.168 -15.2415
360.65 -15.1824
359.137 -15.1236
357.631 -15.0651
356.13 -15.0067
354.635 -14.9485
353.146 -14.8906
351.662 -14.8329
350.185 -14.7753
348.713 -14.718
347.247 -14.6609
345.786 -14.604
344.331 -14.5474
342.882 -14.4909
341.439 -14.4346
340.001 -14.3786
338.568 -14.3227
337.142 -14.2671
335.72 -14.2116
334.305 -14.1564
332.894 -14.1014
331.49 -14.0465
330.09 -13.9919
328.696 -13.9375
327.308 -13.8833
325.925 -13.8292
324.547 -13.7754
323.175 -13.7218
321.808 -13.6683
320.447 -13.6151
319.09 -13.5621
317.739 -13.5092
316.394 -13.4566
315.053 -13.4041
313.718 -13.3519
312.388 -13.2998
311.063 -13.248
309.743 -13.1963
308.429 -13.1448
307.119 -13.0935
305.815 -13.0424
304.516 -12.9915
303.221 -12.9408
301.932 -12.8902
300.648 -12.8399
299.369 -12.7897
298.095 -12.7397
296.826 -12.69
295.562 -12.6404
294.303 -12.5909
293.049 -12.5417
291.799 -12.4927
290.555 -12.4438
289.315 -12.3951
288.08 -12.3466
286.85 -12.2983
285.625 -12.2501
284.405 -12.2022
283.19 -12.1544
281.979 -12.1068
280.773 -12.0594
279.571 -12.0121
278.375 -11.965
277.183 -11.9181
275.996 -11.8714
274.813 -11.8249
273.635 -11.7785
272.462 -11.7323
271.293 -11.6863
270.129 -11.6404
268.97 -11.5948
267.815 -11.5493
266.664 -11.5039
265.518 -11.4587
264.377 -11.4138
263.24 -11.3689
262.107 -11.3243
260.979 -11.2798
259.855 -11.2355
258.736 -11.1913
257.621 -11.1473
256.511 -11.1035
255.405 -11.0598
254.303 -11.0163
253.206 -10.973
252.113 -10.9298
251.024 -10.8868
249.939 -10.844
248.859 -10.8013
247.783 -10.7588
246.712 -10.7164
245.644 -10.6742
244.581 -10.6322
243.522 -10.5903
242.467 -10.5486
241.416 -10.507
240.369 -10.4656
239.327 -10.4243
238.288 -10.3833
237.254 -10.3423
236.224 -10.3015
235.198 -10.2609
234.175 -10.2204
233.157 -10.1801
232.143 -10.1399
231.133 -10.0999
230.127 -10.0601
229.125 -10.0203
228.127 -9.98077
227.133 -9.94136
226.142 -9.9021
225.156 -9.86299
224.173 -9.82402
223.195 -9.78521
222.22 -9.74654
221.249 -9.70801
220.282 -9.66964
219.319 -9.63141
218.36 -9.59333
217.404 -9.55539
216.452 -9.5176
215.504 -9.47995
214.56 -9.44244
213.619 -9.40508
212.682 -9.36786
211.749 -9.33078
210.82 -9.29384
209.894 -9.25705
208.972 -9.22039
208.053 -9.18388
207.138 -9.1475
206.227 -9.11126
205.32 -9.07517
204.416 -9.03921
203.515 -9.00338
202.618 -8.9677
201.725 -8.93215
200.835 -8.89674
199.949 -8.86146
199.066 -8.82632
198.187 -8.79131
197.311 -8.75644
196.439 -8.7217
195.57 -8.68709
194.705 -8.65262
193.843 -8.61828
192.985 -8.58407
192.129 -8.54999
191.278 -8.51605
190.429 -8.48223
189.584 -8.44854
188.743 -8.41499
187.905 -8.38156
187.07 -8.34826
186.238 -8.31509
185.41 -8.28204
184.585 -8.24913
183.763 -8.21634
182.945 -8.18367
182.13 -8.15113
181.318 -8.11872
180.509 -8.08643
179.703 -8.05427
178.901 -8.02223
178.102 -7.99031
177.306 -7.95852
176.513 -7.92685
175.724 -7.8953
174.937 -7.86388
174.154 -7.83257
173.374 -7.80139
172.596 -7.77032
171.822 -7.73938
171.051 -7.70855
170.284 -7.67785
169.519 -7.64726
168.757 -7.61679
167.998 -7.58644
167.243 -7.55621
166.49 -7.5261
165.74 -7.4961
164.993 -7.46621
164.25 -7.43645
163.509 -7.40679
162.771 -7.37726
162.036 -7.34783
161.304 -7.31852
160.575 -7.28933
159.849 -7.26025
159.126 -7.23128
158.406 -7.20242
157.688 -7.17367
156.974 -7.14504
156.262 -7.11652
155.553 -7.08811
154.847 -7.05981
154.144 -7.03161
153.443 -7.00353
152.746 -6.97556
152.051 -6.9477
151.359 -6.91994
150.669 -6.89229
149.983 -6.86475
149.299 -6.83732
148.618 -6.80999
147.94 -6.78277
147.264 -6.75566
146.591 -6.72865
145.921 -6.70174
145.253 -6.67495
144.588 -6.64825
143.926 -6.62166
143.266 -6.59517
142.609 -6.56879
141.955 -6.54251
141.303 -6.51633
140.654 -6.49026
140.008 -6.46428
139.364 -6.43841
138.722 -6.41264
138.084 -6.38697
137.447 -6.36139
136.814 -6.33592
136.183 -6.31055
135.554 -6.28528
134.928 -6.2601
134.304 -6.23503
133.683 -6.21005
133.065 -6.18517
132.448 -6.16039
131.835 -6.1357
131.224 -6.11111
130.615 -6.08662
130.009 -6.06222
129.405 -6.03792
128.803 -6.01371
128.204 -5.9896
127.608 -5.96559
127.013 -5.94166
126.421 -5.91783
125.832 -5.8941
125.245 -5.87045
124.66 -5.8469
124.078 -5.82344
123.498 -5.80008
122.92 -5.7768
122.344 -5.75362
121.771 -5.73053
121.2 -5.70753
120.632 -5.68461
120.066 -5.66179
119.502 -5.63906
118.94 -5.61642
118.38 -5.59386
117.823 -5.5714
117.268 -5.54902
116.715 -5.52673
116.165 -5.50453
115.616 -5.48242
115.07 -5.46039
114.526 -5.43845
113.985 -5.4166
113.445 -5.39483
112.908 -5.37314
112.372 -5.35155
111.839 -5.33003
111.308 -5.30861
110.78 -5.28726
110.253 -5.266
109.728 -5.24483
109.206 -5.22374
108.686 -5.20273
108.167 -5.1818
107.651 -5.16096
107.137 -5.1402
106.625 -5.11952
106.115 -5.09892
105.607 -5.0784
105.101 -5.05796
104.597 -5.03761
104.096 -5.01733
103.596 -4.99714
103.098 -4.97702
102.602 -4.95698
102.108 -4.93703
101.617 -4.91715
101.127 -4.89735
100.639 -4.87763
100.153 -4.85798
99.6691 -4.83842
99.1871 -4.81893
98.7071 -4.79952
98.229 -4.78018
97.7528 -4.76092
97.2785 -4.74174
96.8062 -4.72263
96.3358 -4.7036
95.8672 -4.68465
95.4005 -4.66576
94.9358 -4.64696
94.4729 -4.62823
94.0118 -4.60957
93.5526 -4.59099
93.0953 -4.57247
92.6398 -4.55404
92.1862 -4.53567
91.7343 -4.51738
91.2843 -4.49916
90.8361 -4.48102
90.3898 -4.46294
89.9452 -4.44494
89.5024 -4.42701
89.0614 -4.40915
88.6222 -4.39136
88.1847 -4.37364
87.749 -4.35599
87.3151 -4.33841
86.8829 -4.3209
86.4525 -4.30346
86.0238 -4.28609
85.5969 -4.26879
85.1716 -4.25155
84.7481 -4.23439
84.3263 -4.21729
83.9062 -4.20026
83.4878 -4.1833
83.071 -4.16641
82.656 -4.14958
82.2426 -4.13282
81.8309 -4.11613
81.4209 -4.0995
81.0125 -4.08294
80.6058 -4.06645
80.2007 -4.05002
79.7972 -4.03365
79.3954 -4.01735
78.9952 -4.00112
78.5966 -3.98495
78.1997 -3.96884
77.8043 -3.9528
77.4105 -3.93682
77.0184 -3.92091
76.6278 -3.90506
76.2388 -3.88927
75.8513 -3.87355
75.4654 -3.85789
75.0811 -3.84229
74.6984 -3.82675
74.3172 -3.81127
73.9375 -3.79586
73.5593 -3.78051
73.1827 -3.76521
72.8077 -3.74998
72.4341 -3.73481
72.062 -3.7197
71.6915 -3.70465
71.3224 -3.68967
70.9549 -3.67474
70.5888 -3.65987
70.2242 -3.64506
69.8611 -3.6303
69.4995 -3.61561
69.1393 -3.60098
68.7805 -3.5864
68.4233 -3.57188
68.0674 -3.55742
67.7131 -3.54302
67.3601 -3.52868
67.0086 -3.51439
66.6585 -3.50016
66.3098 -3.48599
65.9625 -3.47187
65.6167 -3.45781
65.2722 -3.4438
64.9291 -3.42986
64.5874 -3.41596
64.2471 -3.40213
63.9082 -3.38834
63.5707 -3.37462
63.2345 -3.36095
62.8997 -3.34733
62.5662 -3.33376
62.2341 -3.32026
61.9033 -3.3068
61.5739 -3.2934
61.2458 -3.28005
60.9191 -3.26676
60.5936 -3.25352
60.2695 -3.24033
59.9467 -3.2272
59.6252 -3.21411
59.305 -3.20108
58.9861 -3.18811
58.6685 -3.17518
58.3522 -3.16231
58.0372 -3.14948
57.7234 -3.13671
57.4109 -3.12399
57.0997 -3.11132
56.7898 -3.0987
56.4811 -3.08614
56.1736 -3.07362
55.8674 -3.06115
55.5624 -3.04873
55.2587 -3.03636
54.9562 -3.02405
54.655 -3.01178
54.3549 -2.99956
54.0561 -2.98739
53.7585 -2.97527
53.4621 -2.96319
53.1669 -2.95117
52.8729 -2.93919
52.5801 -2.92726
52.2885 -2.91538
51.998 -2.90355
51.7088 -2.89176
51.4207 -2.88002
51.1337 -2.86833
50.848 -2.85669
50.5634 -2.84509
50.28 -2.83354
49.9977 -2.82203
49.7165 -2.81057
49.4365 -2.79916
49.1577 -2.78779
48.8799 -2.77647
48.6033 -2.7652
48.3278 -2.75397
48.0535 -2.74278
47.7802 -2.73164
47.5081 -2.72055
47.2371 -2.70949
46.9671 -2.69849
46.6983 -2.68753
46.4305 -2.67661
46.1639 -2.66573
45.8983 -2.6549
45.6338 -2.64411
45.3704 -2.63337
45.108 -2.62267
44.8467 -2.61201
44.5865 -2.6014
44.3274 -2.59082
44.0692 -2.58029
43.8122 -2.56981
43.5562 -2.55936
43.3012 -2.54896
43.0472 -2.5386
42.7943 -2.52828
42.5424 -2.518
42.2916 -2.50776
42.0417 -2.49757
41.7929 -2.48741
41.5451 -2.4773
41.2983 -2.46723
41.0525 -2.45719
40.8077 -2.4472
40.5639 -2.43725
40.321 -2.42734
40.0792 -2.41747
39.8384 -2.40763
39.5985 -2.39784
39.3596 -2.38809
39.1217 -2.37837
38.8847 -2.3687
38.6487 -2.35906
38.4137 -2.34947
38.1796 -2.33991
37.9465 -2.33039
37.7143 -2.32091
37.4831 -2.31146
37.2528 -2.30206
37.0234 -2.29269
36.795 -2.28336
36.5675 -2.27407
36.341 -2.26482
36.1153 -2.2556
35.8906 -2.24642
35.6668 -2.23728
35.4439 -2.22817
35.2219 -2.2191
35.0008 -2.21007
34.7806 -2.20107
34.5613 -2.19211
34.3429 -2.18319
34.1254 -2.1743
33.9087 -2.16545
33.693 -2.15663
33.4781 -2.14785
33.2641 -2.13911
33.051 -2.1304
32.8388 -2.12172
32.6274 -2.11308
32.4168 -2.10448
32.2072 -2.09591
31.9983 -2.08737
31.7904 -2.07887
31.5832 -2.0704
31.377 -2.06197
31.1715 -2.05357
30.9669 -2.04521
30.7631 -2.03688
30.5602 -2.02858
30.3581 -2.02031
30.1568 -2.01208
29.9563 -2.00389
29.7566 -1.99572
29.5578 -1.98759
29.3598 -1.97949
29.1625 -1.97143
28.9661 -1.9634
28.7705 -1.9554
28.5757 -1.94743
28.3816 -1.93949
28.1884 -1.93159
27.9959 -1.92372
27.8043 -1.91588
27.6134 -1.90807
27.4232 -1.90029
27.2339 -1.89255
27.0453 -1.88483
26.8575 -1.87715
26.6705 -1.8695
26.4842 -1.86188
26.2987 -1.85429
26.114 -1.84673
25.93 -1.8392
25.7467 -1.8317
25.5642 -1.82423
25.3824 -1.81679
25.2014 -1.80939
25.0211 -1.80201
24.8416 -1.79466
24.6627 -1.78734
24.4847 -1.78006
24.3073 -1.7728
24.1306 -1.76557
23.9547 -1.75837
23.7795 -1.7512
23.605 -1.74405
23.4313 -1.73694
23.2582 -1.72986
23.0858 -1.7228
22.9142 -1.71577
22.7432 -1.70877
22.5729 -1.7018
22.4034 -1.69486
22.2345 -1.68795
22.0663 -1.68106
21.8988 -1.6742
21.732 -1.66737
21.5658 -1.66057
21.4004 -1.6538
21.2356 -1.64705
21.0714 -1.64033
20.908 -1.63363
20.7452 -1.62697
20.5831 -1.62033
20.4216 -1.61372
20.2608 -1.60713
20.1007 -1.60057
19.9412 -1.59404
19.7824 -1.58754
19.6242 -1.58106
19.4666 -1.5746
19.3097 -1.56818
19.1535 -1.56178
18.9978 -1.5554
18.8429 -1.54905
18.6885 -1.54273
18.5348 -1.53643
18.3817 -1.53016
18.2292 -1.52391
18.0773 -1.51769
17.9261 -1.5115
17.7755 -1.50533
17.6255 -1.49918
17.4761 -1.49306
17.3273 -1.48696
17.1791 -1.48089
17.0316 -1.47484
16.8846 -1.46882
16.7382 -1.46282
16.5925 -1.45685
16.4473 -1.4509
16.3027 -1.44498
16.1587 -1.43908
16.0153 -1.4332
15.8725 -1.42735
15.7302 -1.42152
15.5886 -1.41571
15.4475 -1.40993
15.307 -1.40417
15.1671 -1.39843
15.0277 -1.39272
14.8889 -1.38703
14.7507 -1.38137
14.6131 -1.37572
14.476 -1.3701
14.3394 -1.36451
14.2034 -1.35893
14.068 -1.35338
13.9332 -1.34785
13.7988 -1.34235
13.6651 -1.33686
13.5318 -1.3314
13.3992 -1.32596
13.267 -1.32054
13.1354 -1.31515
13.0044 -1.30977
12.8738 -1.30442
12.7438 -1.29909
12.6144 -1.29378
12.4854 -1.28849
12.357 -1.28323
12.2291 -1.27798
12.1018 -1.27276
11.9749 -1.26756
11.8486 -1.26238
11.7228 -1.25722
11.5975 -1.25208
11.4727 -1.24696
11.3485 -1.24187
11.2247 -1.23679
11.1014 -1.23173
10.9787 -1.2267
10.8564 -1.22169
10.7347 -1.21669
10.6134 -1.21172
10.4927 -1.20676
10.3724 -1.20183
10.2526 -1.19692
10.1333 -1.19202
10.0145 -1.18715
9.89621 -1.1823
9.77838 -1.17746
9.66103 -1.17265
9.54416 -1.16785
9.42777 -1.16308
9.31185 -1.15832
9.19641 -1.15359
9.08143 -1.14887
8.96693 -1.14417
8.8529 -1.13949
8.73933 -1.13483
8.62622 -1.13019
8.51358 -1.12557
8.4014 -1.12097
8.28968 -1.11638
8.17841 -1.11182
8.0676 -1.10727
7.95724 -1.10274
7.84733 -1.09823
7.73787 -1.09374
7.62886 -1.08926
7.5203 -1.08481
7.41217 -1.08037
7.30449 -1.07595
7.19725 -1.07155
7.09045 -1.06717
6.98409 -1.0628
6.87815 -1.05845
6.77266 -1.05412
6.66759 -1.04981
6.56295 -1.04552
6.45875 -1.04124
6.35496 -1.03698
6.2516 -1.03274
6.14867 -1.02851
6.04615 -1.0243
5.94406 -1.02011
5.84238 -1.01594
5.74111 -1.01178
5.64026 -1.00764
5.53983 -1.00352
5.4398 -0.999411
5.34018 -0.995321
5.24097 -0.991248
5.14217 -0.987192
5.04377 -0.983152
4.94577 -0.979128
4.84817 -0.975121
4.75098 -0.97113
4.65418 -0.967156
4.55777 -0.963197
4.46176 -0.959255
4.36614 -0.955329
4.27092 -0.951419
4.17608 -0.947525
4.08163 -0.943646
3.98756 -0.939784
3.89389 -0.935937
3.80059 -0.932106
3.70768 -0.92829
3.61514 -0.92449
3.52299 -0.920706
3.43121 -0.916935
3.3398 -0.913177
3.24878 -0.90943
3.15812 -0.90569
3.06784 -0.901958
2.97793 -0.89823
2.8884 -0.894505
2.79923 -0.890782
2.71044 -0.88706
2.62202 -0.883337
2.53398 -0.879614
2.4463 -0.87589
2.359 -0.872165
2.27207 -0.868439
2.18552 -0.864713
2.09933 -0.860988
2.01352 -0.857263
1.92808 -0.85354
1.84302 -0.849819
1.75832 -0.846101
1.674 -0.842387
1.59004 -0.838676
1.50646 -0.834971
1.42325 -0.83127
1.34041 -0.827575
1.25793 -0.823886
1.17583 -0.820203
1.09409 -0.816526
1.01272 -0.812856
0.931715 -0.809191
0.851076 -0.805533
0.770803 -0.801882
0.690894 -0.798237
0.611349 -0.794598
0.532168 -0.790965
0.453349 -0.787338
