200000 -0.331345
200000 -0.329543
200000 -0.660888
200000 -0.992233
200000 -1.32358
200000 -1.65492
199999 -1.98627
199999 -2.31761
199999 -2.64896
199999 -2.9803
199998 -3.31165
199998 -3.643
199997 -3.97434
199997 -4.30569
199997 -4.63703
199996 -4.96838
199995 -5.29972
199995 -5.63107
199994 -5.96241
199994 -6.29376
199993 -6.62511
199992 -6.95645
199992 -7.2878
199991 -7.61915
199990 -7.95049
199989 -8.28184
199988 -8.61319
199987 -8.94453
199987 -9.27588
199986 -9.60723
199985 -9.93858
199984 -10.2699
199983 -10.6013
199981 -10.9326
199980 -11.264
199979 -11.5953
199978 -11.9267
199977 -12.258
199975 -12.5894
199974 -12.9207
199973 -13.2521
199971 -13.5834
199970 -13.9148
199969 -14.2461
199967 -14.5775
199966 -14.9088
199964 -15.2402
199963 -15.5715
199961 -15.9029
199959 -16.2342
199958 -16.5656
199956 -16.8969
199954 -17.2283
199953 -17.5596
199951 -17.891
199949 -18.2223
199947 -18.5537
199945 -18.8851
199943 -19.2164
199941 -19.5478
199939 -19.8791
199937 -20.2105
199935 -20.5418
199933 -20.8732
199931 -21.2045
199929 -21.5359
199927 -21.8673
199925 -22.1986
199922 -22.53
199920 -22.8613
199918 -23.1927
199915 -23.5241
199913 -23.8554
199911 -24.1868
199908 -24.5181
199906 -24.8495
199903 -25.1809
199901 -25.5122
199898 -25.8436
199895 -26.175
199893 -26.5063
199890 -26.8377
199887 -27.1691
199884 -27.5004
199882 -27.8318
199879 -28.1632
199876 -28.4945
199873 -28.8259
199870 -29.1573
199867 -29.4886
199864 -29.82
199861 -30.1514
199858 -30.4827
199855 -30.8141
199852 -31.1455
199849 -31.4768
199846 -31.8082
199843 -32.1396
199839 -32.471
199836 -32.8023
199833 -33.1337
199829 -33.4651
199826 -33.7965
199823 -34.1278
199819 -34.4592
199816 -34.7906
199812 -35.122
199809 -35.4534
199805 -35.7847
199801 -36.1161
199798 -36.4475
199794 -36.7789
199790 -37.1103
199787 -37.4417
199783 -37.773
199779 -38.1044
199775 -38.4358
199771 -38.7672
199767 -39.0986
199763 -39.43
199759 -39.7614
199755 -40.0928
199751 -40.4241
199747 -40.7555
199743 -41.0869
199739 -41.4183
199735 -41.7497
199731 -42.0811
199726 -42.4125
199722 -42.7439
199718 -43.0753
199714 -43.4067
199709 -43.7381
199705 -44.0695
199700 -44.4009
199696 -44.7323
199691 -45.0637
199687 -45.3951
199682 -45.7265
199678 -46.0579
199673 -46.3893
199668 -46.7207
199664 -47.0521
199659 -47.3835
199654 -47.7149
199649 -48.0463
199644 -48.3777
199640 -48.7092
199635 -49.0406
199630 -49.372
199625 -49.7034
199620 -50.0348
199615 -50.3662
199610 -50.6976
199605 -51.0291
199599 -51.3605
199594 -51.6919
199589 -52.0233
199584 -52.3547
199579 -52.6862
199573 -53.0176
199568 -53.349
199563 -53.6804
199557 -54.0118
199552 -54.3433
199546 -54.6747
199541 -55.0061
199535 -55.3376
199530 -55.669
199524 -56.0004
199518 -56.3319
199513 -56.6633
199507 -56.9947
199501 -57.3262
199496 -57.6576
199490 -57.989
199484 -58.3205
199478 -58.6519
199472 -58.9834
199466 -59.3148
199460 -59.6462
199454 -59.9777
199448 -60.3091
199442 -60.6406
199436 -60.972
199430 -61.3035
199424 -61.6349
199418 -61.9664
199411 -62.2978
199405 -62.6293
199399 -62.9607
199392 -63.2922
199386 -63.6237
199380 -63.9551
199373 -64.2866
199367 -64.618
199360 -64.9495
199354 -65.281
199347 -65.6124
199341 -65.9439
199334 -66.2753
199327 -66.6068
199321 -66.9383
199314 -67.2698
199307 -67.6012
199300 -67.9327
199294 -68.2642
199287 -68.5957
199280 -68.9271
199273 -69.2586
199266 -69.5901
199259 -69.9216
199252 -70.253
199245 -70.5845
199238 -70.916
199231 -71.2475
199223 -71.579
199216 -71.9105
199209 -72.242
199202 -72.5735
199194 -72.9049
199187 -73.2364
199180 -73.5679
199172 -73.8994
199165 -74.2309
199158 -74.5624
199150 -74.8939
199142 -75.2254
199135 -75.5569
199127 -75.8884
199120 -76.2199
199112 -76.5515
199104 -76.883
199097 -77.2145
199089 -77.546
199081 -77.8775
199073 -78.209
199065 -78.5405
199058 -78.872
199050 -79.2036
199042 -79.5351
199034 -79.8666
199026 -80.1981
199018 -80.5297
199010 -80.8612
199001 -81.1927
198993 -81.5242
198985 -81.8558
198977 -82.1873
198969 -82.5188
198960 -82.8504
198952 -83.1819
198944 -83.5134
198935 -83.845
198927 -84.1765
198918 -84.5081
198910 -84.8396
198901 -85.1712
198893 -85.5027
198884 -85.8343
198876 -86.1658
198867 -86.4974
198858 -86.8289
198850 -87.1605
198841 -87.492
198832 -87.8236
198823 -88.1551
198814 -88.4867
198806 -88.8183
198797 -89.1498
198788 -89.4814
198779 -89.813
198770 -90.1445
198761 -90.4761
198752 -90.8077
198742 -91.1393
198733 -91.4708
198724 -91.8024
198715 -92.134
198706 -92.4656
198696 -92.7972
198687 -93.1287
198678 -93.4603
198668 -93.7919
198659 -94.1235
198649 -94.4551
198640 -94.7867
198630 -95.1183
198621 -95.4499
198611 -95.7815
198602 -96.1131
198592 -96.4447
198582 -96.7763
198573 -97.1079
198563 -97.4395
198553 -97.7711
198543 -98.1027
198534 -98.4343
198524 -98.766
198514 -99.0976
198504 -99.4292
198494 -99.7608
198484 -100.092
198474 -100.424
198464 -100.756
198454 -101.087
198443 -101.419
198433 -101.751
198423 -102.082
198413 -102.414
198403 -102.745
198392 -103.077
198382 -103.409
198372 -103.74
198361 -104.072
198351 -104.404
198340 -104.735
198330 -105.067
198319 -105.399
198309 -105.73
198298 -106.062
198287 -106.394
198277 -106.725
198266 -107.057
198255 -107.389
198244 -107.72
198234 -108.052
198223 -108.384
198212 -108.715
198201 -109.047
198190 -109.379
198179 -109.71
198168 -110.042
198157 -110.374
198146 -110.705
198135 -111.037
198124 -111.369
198113 -111.7
198101 -112.032
198090 -112.364
198079 -112.696
198068 -113.027
198056 -113.359
198045 -113.691
198033 -114.022
198022 -114.354
198011 -114.686
197999 -115.017
197988 -115.349
197976 -115.681
197964 -116.013
197953 -116.344
197941 -116.676
197929 -117.008
197918 -117.34
197906 -117.671
197894 -118.003
197882 -118.335
197870 -118.666
197858 -118.998
197847 -119.33
197835 -119.662
197823 -119.993
197811 -120.325
197798 -120.657
197786 -120.989
197774 -121.32
197762 -121.652
197750 -121.984
197738 -122.316
197725 -122.647
197713 -122.979
197701 -123.311
197688 -123.643
197676 -123.975
197664 -124.306
197651 -124.638
197639 -124.97
197626 -125.302
197613 -125.633
197601 -125.965
197588 -126.297
197576 -126.629
197563 -126.961
197550 -127.292
197537 -127.624
197525 -127.956
197512 -128.288
197499 -128.62
197486 -128.951
197473 -129.283
197460 -129.615
197447 -129.947
197434 -130.279
197421 -130.61
197408 -130.942
197395 -131.274
197382 -131.606
197368 -131.938
197355 -132.27
197342 -132.601
197329 -132.933
197315 -133.265
197302 -133.597
197289 -133.929
197275 -134.261
197262 -134.592
197248 -134.924
197235 -135.256
197221 -135.588
197208 -135.92
197194 -136.252
197180 -136.584
197167 -136.915
197153 -137.247
197139 -137.579
197125 -137.911
197111 -138.243
197098 -138.575
197084 -138.907
197070 -139.239
197056 -139.57
197042 -139.902
197028 -140.234
197014 -140.566
197000 -140.898
196986 -141.23
196971 -141.562
196957 -141.894
196943 -142.226
196929 -142.558
196914 -142.889
196900 -143.221
196886 -143.553
196871 -143.885
196857 -144.217
196843 -144.549
196828 -144.881
196814 -145.213
196799 -145.545
196784 -145.877
196770 -146.209
196755 -146.541
196740 -146.873
196726 -147.205
196711 -147.537
196696 -147.868
196681 -148.2
196666 -148.532
196652 -148.864
196637 -149.196
196622 -149.528
196607 -149.86
196592 -150.192
196577 -150.524
196562 -150.856
196546 -151.188
196531 -151.52
196516 -151.852
196501 -152.184
196486 -152.516
196470 -152.848
196455 -153.18
196440 -153.512
196424 -153.844
196409 -154.176
196393 -154.508
196378 -154.84
196362 -155.172
196347 -155.504
196331 -155.836
196316 -156.168
196300 -156.5
196284 -156.832
196269 -157.164
196253 -157.496
196237 -157.828
196221 -158.16
196205 -158.492
196190 -158.824
196174 -159.157
196158 -159.489
196142 -159.821
196126 -160.153
196110 -160.485
196094 -160.817
196077 -161.149
196061 -161.481
196045 -161.813
196029 -162.145
196013 -162.477
195996 -162.809
195980 -163.141
195964 -163.473
195947 -163.805
195931 -164.138
195914 -164.47
195898 -164.802
195881 -165.134
195865 -165.466
195848 -165.798
195832 -166.13
195815 -166.462
195798 -166.794
195782 -167.127
195765 -167.459
195748 -167.791
195731 -168.123
195715 -168.455
195698 -168.787
195681 -169.119
195664 -169.451
195647 -169.784
195630 -170.116
195613 -170.448
195596 -170.78
195579 -171.112
195561 -171.444
195544 -171.777
195527 -172.109
195510 -172.441
195493 -172.773
195475 -173.105
195458 -173.437
195440 -173.77
195423 -174.102
195406 -174.434
195388 -174.766
195371 -175.098
195353 -175.431
195336 -175.763
195318 -176.095
195300 -176.427
195283 -176.759
195265 -177.092
195247 -177.424
195229 -177.756
195212 -178.088
195194 -178.421
195176 -178.753
195158 -179.085
195140 -179.417
195122 -179.749
195104 -180.082
195086 -180.414
195068 -180.746
195050 -181.078
195032 -181.411
195013 -181.743
194995 -182.075
194977 -182.408
194959 -182.74
194940 -183.072
194922 -183.404
194904 -183.737
194885 -184.069
194867 -184.401
194848 -184.734
194830 -185.066
194811 -185.398
194793 -185.73
194774 -186.063
194756 -186.395
194737 -186.727
194718 -187.06
194699 -187.392
194681 -187.724
194662 -188.057
194643 -188.389
194624 -188.721
194605 -189.054
194586 -189.386
194567 -189.718
194548 -190.051
194529 -190.383
194510 -190.715
194491 -191.048
194472 -191.38
194453 -191.712
194434 -192.045
194414 -192.377
194395 -192.71
194376 -193.042
194356 -193.374
194337 -193.707
194318 -194.039
194298 -194.372
194279 -194.704
194259 -195.036
194240 -195.369
194220 -195.701
194201 -196.034
194181 -196.366
194161 -196.698
194142 -197.031
194122 -197.363
194102 -197.696
194082 -198.028
194062 -198.361
194042 -198.693
194023 -199.025
194003 -199.358
193983 -199.69
193963 -200.023
193943 -200.355
193923 -200.688
193902 -201.02
193882 -201.353
193862 -201.685
193842 -202.018
193822 -202.35
193801 -202.683
193781 -203.015
193761 -203.348
193740 -203.68
193720 -204.013
193700 -204.345
193679 -204.678
193659 -205.01
193638 -205.343
193618 -205.675
193597 -206.008
193576 -206.34
193556 -206.673
193535 -207.005
193514 -207.338
193493 -207.67
193473 -208.003
193452 -208.335
193431 -208.668
193410 -209.001
193389 -209.333
193368 -209.666
193347 -209.998
193326 -210.331
193305 -210.663
193284 -210.996
193263 -211.329
193242 -211.661
193220 -211.994
193199 -212.326
193178 -212.659
193157 -212.992
193135 -213.324
193114 -213.657
193093 -213.989
193071 -214.322
193050 -214.655
193028 -214.987
193007 -215.32
192985 -215.653
192963 -215.985
192942 -216.318
192920 -216.651
192898 -216.983
192877 -217.316
192855 -217.648
192833 -217.981
192811 -218.314
192789 -218.646
192768 -218.979
192746 -219.312
192724 -219.645
192702 -219.977
192680 -220.31
192658 -220.643
192635 -220.975
192613 -221.308
192591 -221.641
192569 -221.973
192547 -222.306
192525 -222.639
192502 -222.972
192480 -223.304
192458 -223.637
192435 -223.97
192413 -224.303
192390 -224.635
192368 -224.968
192345 -225.301
192323 -225.634
192300 -225.966
192277 -226.299
192255 -226.632
192232 -226.965
192209 -227.297
192187 -227.63
192164 -227.963
192141 -228.296
192118 -228.629
192095 -228.961
192072 -229.294
192049 -229.627
192026 -229.96
192003 -230.293
191980 -230.625
191957 -230.958
191934 -231.291
191911 -231.624
191888 -231.957
191864 -232.29
191841 -232.623
191818 -232.955
191794 -233.288
191771 -233.621
191748 -233.954
191724 -234.287
191701 -234.62
191677 -234.953
191654 -235.285
191630 -235.618
191607 -235.951
191583 -236.284
191559 -236.617
191536 -236.95
191512 -237.283
191488 -237.616
191464 -237.949
191441 -238.282
191417 -238.615
191393 -238.947
191369 -239.28
191345 -239.613
191321 -239.946
191297 -240.279
191273 -240.612
191249 -240.945
191225 -241.278
191200 -241.611
191176 -241.944
191152 -242.277
191128 -242.61
191103 -242.943
191079 -243.276
191055 -243.609
191030 -243.942
191006 -244.275
190981 -244.608
190957 -244.941
190932 -245.274
190908 -245.607
190883 -245.94
190859 -246.273
190834 -246.606
190809 -246.939
190785 -247.272
190760 -247.605
190735 -247.938
190710 -248.271
190685 -248.604
190660 -248.938
190636 -249.271
190611 -249.604
190586 -249.937
190561 -250.27
190536 -250.603
190510 -250.936
190485 -251.269
190460 -251.602
190435 -251.935
190410 -252.268
190384 -252.602
190359 -252.935
190334 -253.268
190308 -253.601
190283 -253.934
190258 -254.267
190232 -254.6
190207 -254.934
190181 -255.267
190156 -255.6
190130 -255.933
190104 -256.266
190079 -256.599
190053 -256.933
190027 -257.266
190002 -257.599
189976 -257.932
189950 -258.265
189924 -258.599
189898 -258.932
189872 -259.265
189846 -259.598
189820 -259.931
189794 -260.265
189768 -260.598
189742 -260.931
189716 -261.264
189690 -261.598
189664 -261.931
189637 -262.264
189611 -262.597
189585 -262.931
189559 -263.264
189532 -263.597
189506 -263.931
189479 -264.264
189453 -264.597
189426 -264.93
189400 -265.264
189373 -265.597
189347 -265.93
189320 -266.264
189293 -266.597
189267 -266.93
189240 -267.264
189213 -267.597
189186 -267.93
189160 -268.264
189133 -268.597
189106 -268.93
189079 -269.264
189052 -269.597
189025 -269.93
188998 -270.264
188971 -270.597
188944 -270.931
188917 -271.264
188890 -271.597
188862 -271.931
188835 -272.264
188808 -272.598
188781 -272.931
188753 -273.264
188726 -273.598
188698 -273.931
188671 -274.265
188644 -274.598
188616 -274.932
188589 -275.265
188561 -275.599
188533 -275.932
188506 -276.265
188478 -276.599
188450 -276.932
188423 -277.266
188395 -277.599
188367 -277.933
188339 -278.266
188311 -278.6
188284 -278.933
188256 -279.267
188228 -279.6
188200 -279.934
188172 -280.268
188144 -280.601
188116 -280.935
188087 -281.268
188059 -281.602
188031 -281.935
188003 -282.269
187975 -282.602
187946 -282.936
187918 -283.27
187890 -283.603
187861 -283.937
187833 -284.27
187804 -284.604
187776 -284.937
187747 -285.271
187719 -285.605
187690 -285.938
187661 -286.272
187633 -286.606
187604 -286.939
187575 -287.273
187547 -287.607
187518 -287.94
187489 -288.274
187460 -288.607
187431 -288.941
187402 -289.275
187373 -289.608
187344 -289.942
187315 -290.276
187286 -290.61
187257 -290.943
187228 -291.277
187199 -291.611
187170 -291.944
187140 -292.278
187111 -292.612
187082 -292.946
187053 -293.279
187023 -293.613
186994 -293.947
186964 -294.281
186935 -294.614
186905 -294.948
186876 -295.282
186846 -295.616
186817 -295.949
186787 -296.283
186757 -296.617
186728 -296.951
186698 -297.285
186668 -297.618
186639 -297.952
186609 -298.286
186579 -298.62
186549 -298.954
186519 -299.288
186489 -299.621
186459 -299.955
186429 -300.289
186399 -300.623
186369 -300.957
186339 -301.291
186309 -301.625
186278 -301.958
186248 -302.292
186218 -302.626
186188 -302.96
186157 -303.294
186127 -303.628
186096 -303.962
186066 -304.296
186036 -304.63
186005 -304.964
185975 -305.298
185944 -305.632
185913 -305.965
185883 -306.299
185852 -306.633
185821 -306.967
185791 -307.301
185760 -307.635
185729 -307.969
185698 -308.303
185667 -308.637
185637 -308.971
185606 -309.305
185575 -309.639
185544 -309.973
185513 -310.307
185482 -310.641
185450 -310.975
185419 -311.309
185388 -311.644
185357 -311.978
185326 -312.312
185294 -312.646
185263 -312.98
185232 -313.314
185200 -313.648
185169 -313.982
185138 -314.316
185106 -314.65
185075 -314.984
185043 -315.318
185012 -315.653
184980 -315.987
184948 -316.321
184917 -316.655
184885 -316.989
184853 -317.323
184821 -317.657
184790 -317.992
184758 -318.326
184726 -318.66
184694 -318.994
184662 -319.328
184630 -319.662
184598 -319.997
184566 -320.331
184534 -320.665
184502 -320.999
184470 -321.333
184438 -321.668
184405 -322.002
184373 -322.336
184341 -322.67
184309 -323.005
184276 -323.339
184244 -323.673
184212 -324.007
184179 -324.342
184147 -324.676
184114 -325.01
184082 -325.345
184049 -325.679
184016 -326.013
183984 -326.348
183951 -326.682
183918 -327.016
183886 -327.35
183853 -327.685
183820 -328.019
183787 -328.354
183754 -328.688
183722 -329.022
183689 -329.357
183656 -329.691
183623 -330.025
183590 -330.36
183557 -330.694
183523 -331.029
183490 -331.363
183457 -331.697
183424 -332.032
183391 -332.366
183357 -332.701
183324 -333.035
183291 -333.369
183257 -333.704
183224 -334.038
183191 -334.373
183157 -334.707
183124 -335.042
183090 -335.376
183056 -335.711
183023 -336.045
182989 -336.38
182956 -336.714
182922 -337.049
182888 -337.383
182854 -337.718
182821 -338.052
182787 -338.387
182753 -338.721
182719 -339.056
182685 -339.39
182651 -339.725
182617 -340.06
182583 -340.394
182549 -340.729
182515 -341.063
182481 -341.398
182446 -341.732
182412 -342.067
182378 -342.402
182344 -342.736
182309 -343.071
182275 -343.406
182241 -343.74
182206 -344.075
182172 -344.41
182137 -344.744
182103 -345.079
182068 -345.413
182034 -345.748
181999 -346.083
181965 -346.418
181930 -346.752
181895 -347.087
181860 -347.422
181826 -347.756
181791 -348.091
181756 -348.426
181721 -348.761
181686 -349.095
181651 -349.43
181616 -349.765
181581 -350.1
181546 -350.434
181511 -350.769
181476 -351.104
181441 -351.439
181406 -351.773
181371 -352.108
181335 -352.443
181300 -352.778
181265 -353.113
181229 -353.447
181194 -353.782
181159 -354.117
181123 -354.452
181088 -354.787
181052 -355.122
181017 -355.457
180981 -355.791
180945 -356.126
180910 -356.461
180874 -356.796
180838 -357.131
180803 -357.466
180767 -357.801
180731 -358.136
180695 -358.471
180659 -358.806
180623 -359.141
180587 -359.475
180551 -359.81
180515 -360.145
180479 -360.48
180443 -360.815
180407 -361.15
180371 -361.485
180335 -361.82
180299 -362.155
180262 -362.49
180226 -362.825
180190 -363.16
180153 -363.495
180117 -363.83
180081 -364.165
180044 -364.5
180008 -364.835
179971 -365.171
179935 -365.506
179898 -365.841
179861 -366.176
179825 -366.511
179788 -366.846
179751 -367.181
179715 -367.516
179678 -367.851
179641 -368.186
179604 -368.522
179567 -368.857
179530 -369.192
179493 -369.527
179456 -369.862
179419 -370.197
179382 -370.532
179345 -370.868
179308 -371.203
179271 -371.538
179234 -371.873
179197 -372.208
179159 -372.544
179122 -372.879
179085 -373.214
179047 -373.549
179010 -373.885
178973 -374.22
178935 -374.555
178898 -374.89
178860 -375.226
178823 -375.561
178785 -375.896
178747 -376.231
178710 -376.567
178672 -376.902
178634 -377.237
178596 -377.573
178559 -377.908
178521 -378.243
178483 -378.579
178445 -378.914
178407 -379.249
178369 -379.585
178331 -379.92
178293 -380.255
178255 -380.591
178217 -380.926
178179 -381.262
178141 -381.597
178103 -381.932
178064 -382.268
178026 -382.603
177988 -382.939
177949 -383.274
177911 -383.61
177873 -383.945
177834 -384.281
177796 -384.616
177757 -384.951
177719 -385.287
177680 -385.622
177642 -385.958
177603 -386.293
177564 -386.629
177526 -386.964
177487 -387.3
177448 -387.636
177409 -387.971
177371 -388.307
177332 -388.642
177293 -388.978
177254 -389.313
177215 -389.649
177176 -389.984
177137 -390.32
177098 -390.656
177059 -390.991
177020 -391.327
176980 -391.662
176941 -391.998
176902 -392.334
176863 -392.669
176823 -393.005
176784 -393.341
176745 -393.676
176705 -394.012
176666 -394.348
176626 -394.683
176587 -395.019
176547 -395.355
176508 -395.691
176468 -396.026
176429 -396.362
176389 -396.698
176349 -397.033
176309 -397.369
176270 -397.705
176230 -398.041
176190 -398.376
176150 -398.712
176110 -399.048
176070 -399.384
176030 -399.72
175990 -400.055
175950 -400.391
175910 -400.727
175870 -401.063
175830 -401.399
175790 -401.735
175750 -402.07
175709 -402.406
175669 -402.742
175629 -403.078
175588 -403.414
175548 -403.75
175508 -404.086
175467 -404.422
175427 -404.758
175386 -405.093
175346 -405.429
175305 -405.765
175264 -406.101
175224 -406.437
175183 -406.773
175142 -407.109
175102 -407.445
175061 -407.781
175020 -408.117
174979 -408.453
174938 -408.789
174897 -409.125
174857 -409.461
174816 -409.797
174775 -410.133
174733 -410.469
174692 -410.805
174651 -411.141
174610 -411.477
174569 -411.813
174528 -412.15
174486 -412.486
174445 -412.822
174404 -413.158
174363 -413.494
174321 -413.83
174280 -414.166
174238 -414.502
174197 -414.838
174155 -415.175
174114 -415.511
174072 -415.847
174031 -416.183
173989 -416.519
173947 -416.855
173905 -417.192
173864 -417.528
173822 -417.864
173780 -418.2
173738 -418.537
173696 -418.873
173654 -419.209
173612 -419.545
173571 -419.882
173528 -420.218
173486 -420.554
173444 -420.89
173402 -421.227
173360 -421.563
173318 -421.899
173276 -422.236
173233 -422.572
173191 -422.908
173149 -423.245
173106 -423.581
173064 -423.917
173022 -424.254
172979 -424.59
172937 -424.926
172894 -425.263
172852 -425.599
172809 -425.936
172766 -426.272
172724 -426.608
172681 -426.945
172638 -427.281
172595 -427.618
172553 -427.954
172510 -428.291
172467 -428.627
172424 -428.964
172381 -429.3
172338 -429.637
172295 -429.973
172252 -430.31
172209 -430.646
172166 -430.983
172123 -431.319
172080 -431.656
172037 -431.992
171993 -432.329
171950 -432.665
171907 -433.002
171863 -433.339
171820 -433.675
171777 -434.012
171733 -434.348
171690 -434.685
171646 -435.022
171603 -435.358
171559 -435.695
171516 -436.032
171472 -436.368
171428 -436.705
171384 -437.042
171341 -437.378
171297 -437.715
171253 -438.052
171209 -438.388
171165 -438.725
171122 -439.062
171078 -439.398
171034 -439.735
170990 -440.072
170946 -440.409
170902 -440.746
170857 -441.082
170813 -441.419
170769 -441.756
170725 -442.093
170681 -442.429
170636 -442.766
170592 -443.103
170548 -443.44
170503 -443.777
170459 -444.114
170414 -444.45
170370 -444.787
170325 -445.124
170281 -445.461
170236 -445.798
170192 -446.135
170147 -446.472
170102 -446.809
170058 -447.146
170013 -447.483
169968 -447.82
169923 -448.156
169879 -448.493
169834 -448.83
169789 -449.167
169744 -449.504
169699 -449.841
169654 -450.178
169609 -450.515
169564 -450.852
169519 -451.189
169473 -451.526
169428 -451.863
169383 -452.201
169338 -452.538
169292 -452.875
169247 -453.212
169202 -453.549
169156 -453.886
169111 -454.223
169065 -454.56
169020 -454.897
168974 -455.234
168929 -455.571
168883 -455.909
168838 -456.246
168792 -456.583
168746 -456.92
168701 -457.257
168655 -457.594
168609 -457.932
168563 -458.269
168517 -458.606
168471 -458.943
168426 -459.281
168380 -459.618
168334 -459.955
168288 -460.292
168241 -460.63
168195 -460.967
168149 -461.304
168103 -461.641
168057 -461.979
168011 -462.316
167964 -462.653
167918 -462.991
167872 -463.328
167825 -463.665
167779 -464.003
167733 -464.34
167686 -464.677
167640 -465.015
167593 -465.352
167546 -465.69
167500 -466.027
167453 -466.364
167407 -466.702
167360 -467.039
167313 -467.377
167266 -467.714
167220 -468.052
167173 -468.389
167126 -468.727
167079 -469.064
167032 -469.402
166985 -469.739
166938 -470.077
166891 -470.414
166844 -470.752
166797 -471.089
166750 -471.427
166702 -471.764
166655 -472.102
166608 -472.439
166561 -472.777
166513 -473.115
166466 -473.452
166419 -473.79
166371 -474.127
166324 -474.465
166276 -474.803
166229 -475.14
166181 -475.478
166134 -475.816
166086 -476.153
166038 -476.491
165991 -476.829
165943 -477.166
165895 -477.504
165848 -477.842
165800 -478.18
165752 -478.517
165704 -478.855
165656 -479.193
165608 -479.531
165560 -479.868
165512 -480.206
165464 -480.544
165416 -480.882
165368 -481.22
165320 -481.557
165271 -481.895
165223 -482.233
165175 -482.571
165127 -482.909
165078 -483.247
165030 -483.585
164982 -483.922
164933 -484.26
164885 -484.598
164836 -484.936
164788 -485.274
164739 -485.612
164691 -485.95
164642 -486.288
164593 -486.626
164545 -486.964
164496 -487.302
164447 -487.64
164398 -487.978
164349 -488.316
164301 -488.654
164252 -488.992
164203 -489.33
164154 -489.668
164105 -490.006
164056 -490.344
164007 -490.682
163958 -491.02
163908 -491.358
163859 -491.696
163810 -492.034
163761 -492.373
163712 -492.711
163662 -493.049
163613 -493.387
163564 -493.725
163514 -494.063
163465 -494.401
163415 -494.74
163366 -495.078
163316 -495.416
163267 -495.754
163217 -496.092
163167 -496.431
163118 -496.769
163068 -497.107
163018 -497.445
162968 -497.784
162919 -498.122
162869 -498.46
162819 -498.799
162769 -499.137
162719 -499.475
162669 -499.813
162619 -500.152
162569 -500.49
162519 -500.828
162469 -501.167
162419 -501.505
162368 -501.844
162318 -502.182
162268 -502.52
162218 -502.859
162167 -503.197
162117 -503.536
162067 -503.874
162016 -504.213
161966 -504.551
161915 -504.889
161865 -505.228
161814 -505.566
161764 -505.905
161713 -506.243
161662 -506.582
161612 -506.92
161561 -507.259
161510 -507.598
161459 -507.936
161409 -508.275
161358 -508.613
161307 -508.952
161256 -509.29
161205 -509.629
161154 -509.968
161103 -510.306
161052 -510.645
161001 -510.983
160950 -511.322
160898 -511.661
160847 -511.999
160796 -512.338
160745 -512.677
160693 -513.016
160642 -513.354
160591 -513.693
160539 -514.032
160488 -514.37
160436 -514.709
160385 -515.048
160333 -515.387
160282 -515.725
160230 -516.064
160179 -516.403
160127 -516.742
160075 -517.081
160023 -517.419
159972 -517.758
159920 -518.097
159868 -518.436
159816 -518.775
159764 -519.114
159712 -519.453
159660 -519.792
159608 -520.13
159556 -520.469
159504 -520.808
159452 -521.147
159400 -521.486
159348 -521.825
159295 -522.164
159243 -522.503
159191 -522.842
159139 -523.181
159086 -523.52
159034 -523.859
158981 -524.198
158929 -524.537
158876 -524.876
158824 -525.215
158771 -525.554
158719 -525.893
158666 -526.232
158614 -526.572
158561 -526.911
158508 -527.25
158455 -527.589
158403 -527.928
158350 -528.267
158297 -528.606
158244 -528.945
158191 -529.285
158138 -529.624
158085 -529.963
158032 -530.302
157979 -530.641
157926 -530.981
157873 -531.32
157820 -531.659
157766 -531.998
157713 -532.338
157660 -532.677
157607 -533.016
157553 -533.356
157500 -533.695
157446 -534.034
157393 -534.373
157340 -534.713
157286 -535.052
157233 -535.392
157179 -535.731
157125 -536.07
157072 -536.41
157018 -536.749
156964 -537.088
156911 -537.428
156857 -537.767
156803 -538.107
156749 -538.446
156695 -538.786
156641 -539.125
156587 -539.465
156533 -539.804
156479 -540.144
156425 -540.483
156371 -540.823
156317 -541.162
156263 -541.502
156209 -541.841
156155 -542.181
156100 -542.52
156046 -542.86
155992 -543.2
155937 -543.539
155883 -543.879
155829 -544.218
155774 -544.558
155720 -544.898
155665 -545.237
155611 -545.577
155556 -545.917
155501 -546.256
155447 -546.596
155392 -546.936
155337 -547.276
155283 -547.615
155228 -547.955
155173 -548.295
155118 -548.634
155063 -548.974
155008 -549.314
154953 -549.654
154898 -549.994
154843 -550.333
154788 -550.673
154733 -551.013
154678 -551.353
154623 -551.693
154568 -552.033
154512 -552.373
154457 -552.712
154402 -553.052
154346 -553.392
154291 -553.732
154236 -554.072
154180 -554.412
154125 -554.752
154069 -555.092
154014 -555.432
153958 -555.772
153902 -556.112
153847 -556.452
153791 -556.792
153735 -557.132
153680 -557.472
153624 -557.812
153568 -558.152
153512 -558.492
153456 -558.832
153400 -559.172
153344 -559.512
153288 -559.853
153232 -560.193
153176 -560.533
153120 -560.873
153064 -561.213
153008 -561.553
152952 -561.893
152896 -562.234
152839 -562.574
152783 -562.914
152727 -563.254
152670 -563.594
152614 -563.935
152558 -564.275
152501 -564.615
152445 -564.955
152388 -565.296
152332 -565.636
152275 -565.976
152218 -566.317
152162 -566.657
152105 -566.997
152048 -567.338
151991 -567.678
151935 -568.018
151878 -568.359
151821 -568.699
151764 -569.04
151707 -569.38
151650 -569.72
151593 -570.061
151536 -570.401
151479 -570.742
151422 -571.082
151365 -571.423
151308 -571.763
151250 -572.104
151193 -572.444
151136 -572.785
151078 -573.125
151021 -573.466
150964 -573.806
150906 -574.147
150849 -574.487
150791 -574.828
150734 -575.169
150676 -575.509
150619 -575.85
150561 -576.191
150504 -576.531
150446 -576.872
150388 -577.212
150330 -577.553
150273 -577.894
150215 -578.235
150157 -578.575
150099 -578.916
150041 -579.257
149983 -579.597
149925 -579.938
149867 -580.279
149809 -580.62
149751 -580.961
149693 -581.301
149635 -581.642
149576 -581.983
149518 -582.324
149460 -582.665
149402 -583.005
149343 -583.346
149285 -583.687
149227 -584.028
149168 -584.369
149110 -584.71
149051 -585.051
148993 -585.392
148934 -585.733
148875 -586.074
148817 -586.415
148758 -586.756
148699 -587.097
148641 -587.438
148582 -587.779
148523 -588.12
148464 -588.461
148405 -588.802
148346 -589.143
148287 -589.484
148228 -589.825
148169 -590.166
148110 -590.507
148051 -590.848
147992 -591.189
147933 -591.53
147874 -591.872
147815 -592.213
147755 -592.554
147696 -592.895
147637 -593.236
147577 -593.578
147518 -593.919
147459 -594.26
147399 -594.601
147340 -594.942
147280 -595.284
147221 -595.625
147161 -595.966
147101 -596.308
147042 -596.649
146982 -596.99
146922 -597.331
146862 -597.673
146803 -598.014
146743 -598.356
146683 -598.697
146623 -599.038
146563 -599.38
146503 -599.721
146443 -600.063
146383 -600.404
146323 -600.745
146263 -601.087
146203 -601.428
146143 -601.77
146082 -602.111
146022 -602.453
145962 -602.794
145902 -603.136
145841 -603.477
145781 -603.819
145720 -604.16
145660 -604.502
145599 -604.844
145539 -605.185
145478 -605.527
145418 -605.868
145357 -606.21
145296 -606.552
145236 -606.893
145175 -607.235
145114 -607.577
145054 -607.918
144993 -608.26
144932 -608.602
144871 -608.944
144810 -609.285
144749 -609.627
144688 -609.969
144627 -610.311
144566 -610.652
144505 -610.994
144444 -611.336
144383 -611.678
144321 -612.02
144260 -612.361
144199 -612.703
144138 -613.045
144076 -613.387
144015 -613.729
143953 -614.071
143892 -614.413
143831 -614.755
143769 -615.097
143707 -615.439
143646 -615.78
143584 -616.122
143523 -616.464
143461 -616.806
143399 -617.148
143337 -617.49
143276 -617.832
143214 -618.174
143152 -618.517
143090 -618.859
143028 -619.201
142966 -619.543
142904 -619.885
142842 -620.227
142780 -620.569
142718 -620.911
142656 -621.253
142594 -621.596
142532 -621.938
142469 -622.28
142407 -622.622
142345 -622.964
142283 -623.307
142220 -623.649
142158 -623.991
142095 -624.333
142033 -624.676
141970 -625.018
141908 -625.36
141845 -625.702
141783 -626.045
141720 -626.387
141657 -626.729
141595 -627.072
141532 -627.414
141469 -627.756
141406 -628.099
141343 -628.441
141281 -628.784
141218 -629.126
141155 -629.469
141092 -629.811
141029 -630.153
140966 -630.496
140903 -630.838
140839 -631.181
140776 -631.523
140713 -631.866
140650 -632.208
140587 -632.551
140523 -632.894
140460 -633.236
140397 -633.579
140333 -633.921
140270 -634.264
140206 -634.607
140143 -634.949
140079 -635.292
140016 -635.634
139952 -635.977
139889 -636.32
139825 -636.662
139761 -637.005
139697 -637.348
139634 -637.691
139570 -638.033
139506 -638.376
139442 -638.719
139378 -639.062
139314 -639.404
139250 -639.747
139186 -640.09
139122 -640.433
139058 -640.776
138994 -641.119
138930 -641.461
138866 -641.804
138802 -642.147
138737 -642.49
138673 -642.833
138609 -643.176
138544 -643.519
138480 -643.862
138416 -644.205
138351 -644.548
138287 -644.891
138222 -645.234
138158 -645.577
138093 -645.92
138028 -646.263
137964 -646.606
137899 -646.949
137834 -647.292
137769 -647.635
137705 -647.978
137640 -648.321
137575 -648.664
137510 -649.008
137445 -649.351
137380 -649.694
137315 -650.037
137250 -650.38
137185 -650.723
137120 -651.067
137055 -651.41
136990 -651.753
136924 -652.096
136859 -652.44
136794 -652.783
136729 -653.126
136663 -653.469
136598 -653.813
136532 -654.156
136467 -654.499
136402 -654.843
136336 -655.186
136270 -655.53
136205 -655.873
136139 -656.216
136074 -656.56
136008 -656.903
135942 -657.247
135876 -657.59
135811 -657.933
135745 -658.277
135679 -658.62
135613 -658.964
135547 -659.307
135481 -659.651
135415 -659.995
135349 -660.338
135283 -660.682
135217 -661.025
135151 -661.369
135085 -661.712
135018 -662.056
134952 -662.4
134886 -662.743
134820 -663.087
134753 -663.431
134687 -663.774
134620 -664.118
134554 -664.462
134488 -664.805
134421 -665.149
134354 -665.493
134288 -665.837
134221 -666.18
134155 -666.524
134088 -666.868
134021 -667.212
133954 -667.556
133888 -667.899
133821 -668.243
133754 -668.587
133687 -668.931
133620 -669.275
133553 -669.619
133486 -669.963
133419 -670.307
133352 -670.65
133285 -670.994
133218 -671.338
133151 -671.682
133083 -672.026
133016 -672.37
132949 -672.714
132882 -673.058
132814 -673.402
132747 -673.746
132680 -674.091
132612 -674.435
132545 -674.779
132477 -675.123
132410 -675.467
132342 -675.811
132274 -676.155
132207 -676.499
132139 -676.843
132071 -677.188
132004 -677.532
131936 -677.876
131868 -678.22
131800 -678.565
131732 -678.909
131664 -679.253
131596 -679.597
131528 -679.942
131460 -680.286
131392 -680.63
131324 -680.974
131256 -681.319
131188 -681.663
131120 -682.008
131051 -682.352
130983 -682.696
130915 -683.041
130846 -683.385
130778 -683.73
130710 -684.074
130641 -684.418
130573 -684.763
130504 -685.107
130436 -685.452
130367 -685.796
130299 -686.141
130230 -686.485
130161 -686.83
130092 -687.174
130024 -687.519
129955 -687.864
129886 -688.208
129817 -688.553
129748 -688.897
129679 -689.242
129611 -689.587
129542 -689.931
129472 -690.276
129403 -690.621
129334 -690.965
129265 -691.31
129196 -691.655
129127 -692
129058 -692.344
128988 -692.689
128919 -693.034
128850 -693.379
128780 -693.724
128711 -694.068
128641 -694.413
128572 -694.758
128502 -695.103
128433 -695.448
128363 -695.793
128294 -696.138
128224 -696.482
128154 -696.827
128085 -697.172
128015 -697.517
127945 -697.862
127875 -698.207
127805 -698.552
127736 -698.897
127666 -699.242
127596 -699.587
127526 -699.932
127456 -700.277
127386 -700.622
127316 -700.967
127245 -701.313
127175 -701.658
127105 -702.003
127035 -702.348
126965 -702.693
126894 -703.038
126824 -703.383
126754 -703.729
126683 -704.074
126613 -704.419
126542 -704.764
126472 -705.11
126401 -705.455
126331 -705.8
126260 -706.145
126189 -706.491
126119 -706.836
126048 -707.181
125977 -707.527
125906 -707.872
125836 -708.217
125765 -708.563
125694 -708.908
125623 -709.253
125552 -709.599
125481 -709.944
125410 -710.29
125339 -710.635
125268 -710.981
125197 -711.326
125125 -711.672
125054 -712.017
124983 -712.363
124912 -712.708
124840 -713.054
124769 -713.399
124698 -713.745
124626 -714.09
124555 -714.436
124483 -714.782
124412 -715.127
124340 -715.473
124269 -715.819
124197 -716.164
124125 -716.51
124054 -716.856
123982 -717.201
123910 -717.547
123838 -717.893
123767 -718.239
123695 -718.584
123623 -718.93
123551 -719.276
123479 -719.622
123407 -719.968
123335 -720.313
123263 -720.659
123191 -721.005
123119 -721.351
123047 -721.697
122974 -722.043
122902 -722.389
122830 -722.735
122757 -723.081
122685 -723.427
122613 -723.772
122540 -724.118
122468 -724.464
122395 -724.81
122323 -725.156
122250 -725.503
122178 -725.849
122105 -726.195
122033 -726.541
121960 -726.887
121887 -727.233
121814 -727.579
121742 -727.925
121669 -728.271
121596 -728.617
121523 -728.964
121450 -729.31
121377 -729.656
121304 -730.002
121231 -730.348
121158 -730.695
121085 -731.041
121012 -731.387
120939 -731.733
120865 -732.08
120792 -732.426
120719 -732.772
120645 -733.119
120572 -733.465
120499 -733.811
120425 -734.158
120352 -734.504
120278 -734.851
120205 -735.197
120131 -735.543
120058 -735.89
119984 -736.236
119910 -736.583
119837 -736.929
119763 -737.276
119689 -737.622
119615 -737.969
119542 -738.315
119468 -738.662
119394 -739.008
119320 -739.355
119246 -739.702
119172 -740.048
119098 -740.395
119024 -740.741
118950 -741.088
118876 -741.435
118801 -741.781
118727 -742.128
118653 -742.475
118579 -742.821
118504 -743.168
118430 -743.515
118356 -743.862
118281 -744.208
118207 -744.555
118132 -744.902
118058 -745.249
117983 -745.596
117909 -745.942
117834 -746.289
117759 -746.636
117685 -746.983
117610 -747.33
117535 -747.677
117460 -748.024
117385 -748.371
117311 -748.718
117236 -749.065
117161 -749.411
117086 -749.758
117011 -750.105
116936 -750.452
116861 -750.799
116786 -751.147
116710 -751.494
116635 -751.841
116560 -752.188
116485 -752.535
116409 -752.882
116334 -753.229
116259 -753.576
116183 -753.923
116108 -754.27
116032 -754.618
115957 -754.965
115881 -755.312
115806 -755.659
115730 -756.006
115655 -756.354
115579 -756.701
115503 -757.048
115428 -757.395
115352 -757.743
115276 -758.09
115200 -758.437
115124 -758.785
115048 -759.132
114972 -759.479
114896 -759.827
114820 -760.174
114744 -760.521
114668 -760.869
114592 -761.216
114516 -761.564
114440 -761.911
114364 -762.259
114287 -762.606
114211 -762.954
114135 -763.301
114058 -763.649
113982 -763.996
113905 -764.344
113829 -764.691
113752 -765.039
113676 -765.386
113599 -765.734
113523 -766.082
113446 -766.429
113369 -766.777
113293 -767.124
113216 -767.472
113139 -767.82
113062 -768.167
112986 -768.515
112909 -768.863
112832 -769.211
112755 -769.558
112678 -769.906
112601 -770.254
112524 -770.602
112447 -770.949
112369 -771.297
112292 -771.645
112215 -771.993
112138 -772.341
112061 -772.689
111983 -773.036
111906 -773.384
111829 -773.732
111751 -774.08
111674 -774.428
111596 -774.776
111519 -775.124
111441 -775.472
111364 -775.82
111286 -776.168
111208 -776.516
111131 -776.864
111053 -777.212
110975 -777.56
110897 -777.908
110820 -778.256
110742 -778.604
110664 -778.952
110586 -779.3
110508 -779.648
110430 -779.996
110352 -780.345
110274 -780.693
110196 -781.041
110118 -781.389
110039 -781.737
109961 -782.085
109883 -782.434
109805 -782.782
109726 -783.13
109648 -783.478
109570 -783.827
109491 -784.175
109413 -784.523
109334 -784.871
109256 -785.22
109177 -785.568
109099 -785.916
109020 -786.265
108941 -786.613
108863 -786.962
108784 -787.31
108705 -787.658
108626 -788.007
108547 -788.355
108469 -788.704
108390 -789.052
108311 -789.4
108232 -789.749
108153 -790.097
108074 -790.446
107995 -790.794
107916 -791.143
107836 -791.491
107757 -791.84
107678 -792.189
107599 -792.537
107519 -792.886
107440 -793.234
107361 -793.583
107281 -793.932
107202 -794.28
107122 -794.629
107043 -794.977
106963 -795.326
106884 -795.675
106804 -796.023
106725 -796.372
106645 -796.721
106565 -797.07
106485 -797.418
106406 -797.767
106326 -798.116
106246 -798.465
106166 -798.813
106086 -799.162
106006 -799.511
105926 -799.86
105846 -800.209
105766 -800.557
105686 -800.906
105606 -801.255
105526 -801.604
105446 -801.953
105365 -802.302
105285 -802.651
105205 -803
105125 -803.349
105044 -803.698
104964 -804.046
104883 -804.395
104803 -804.744
104722 -805.093
104642 -805.442
104561 -805.791
104481 -806.14
104400 -806.489
104319 -806.838
104239 -807.188
104158 -807.537
104077 -807.886
103996 -808.235
103915 -808.584
103834 -808.933
103754 -809.282
103673 -809.631
103592 -809.98
103511 -810.329
103429 -810.679
103348 -811.028
103267 -811.377
103186 -811.726
103105 -812.075
103024 -812.424
102942 -812.774
102861 -813.123
102780 -813.472
102698 -813.821
102617 -814.171
102535 -814.52
102454 -814.869
102372 -815.218
102291 -815.568
102209 -815.917
102128 -816.266
102046 -816.616
101964 -816.965
101883 -817.314
101801 -817.664
101719 -818.013
101637 -818.362
101555 -818.712
101473 -819.061
101391 -819.411
101309 -819.76
101227 -820.109
101145 -820.459
101063 -820.808
100981 -821.158
100899 -821.507
100817 -821.857
100735 -822.206
100652 -822.556
100570 -822.905
100488 -823.254
100405 -823.604
100323 -823.954
100241 -824.303
100158 -824.653
100076 -825.002
99993 -825.352
99910.5 -825.701
99827.9 -826.051
99745.2 -826.4
99662.6 -826.75
99579.8 -827.099
99497.1 -827.449
99414.3 -827.799
99331.5 -828.148
99248.7 -828.498
99165.8 -828.847
99082.9 -829.197
98999.9 -829.547
98916.9 -829.896
98833.9 -830.246
98750.8 -830.596
98667.7 -830.945
98584.6 -831.295
98501.4 -831.645
98418.2 -831.994
98335 -832.344
98251.7 -832.694
98168.4 -833.043
98085.1 -833.393
98001.7 -833.743
97918.3 -834.093
97834.9 -834.442
97751.4 -834.792
97667.9 -835.142
97584.3 -835.492
97500.7 -835.841
97417.1 -836.191
97333.5 -836.541
97249.8 -836.891
97166 -837.24
97082.3 -837.59
96998.5 -837.94
96914.7 -838.29
96830.8 -838.639
96746.9 -838.989
96663 -839.339
96579 -839.689
96495 -840.039
96411 -840.388
96326.9 -840.738
96242.8 -841.088
96158.6 -841.438
96074.4 -841.788
95990.2 -842.138
95906 -842.487
95821.7 -842.837
95737.4 -843.187
95653 -843.537
95568.6 -843.887
95484.2 -844.237
95399.8 -844.587
95315.3 -844.936
95230.7 -845.286
95146.2 -845.636
95061.6 -845.986
94976.9 -846.336
94892.3 -846.686
94807.6 -847.036
94722.8 -847.386
94638.1 -847.736
94553.2 -848.085
94468.4 -848.435
94383.5 -848.785
94298.6 -849.135
94213.7 -849.485
94128.7 -849.835
94043.7 -850.185
93958.6 -850.535
93873.5 -850.885
93788.4 -851.234
93703.2 -851.584
93618 -851.934
93532.8 -852.284
93447.5 -852.634
93362.3 -852.984
93276.9 -853.334
93191.5 -853.684
93106.1 -854.034
93020.7 -854.384
92935.2 -854.734
92849.7 -855.083
92764.2 -855.433
92678.6 -855.783
92593 -856.133
92507.3 -856.483
92421.7 -856.833
92335.9 -857.183
92250.2 -857.533
92164.4 -857.883
92078.6 -858.233
91992.7 -858.582
91906.8 -858.932
91820.9 -859.282
91734.9 -859.632
91648.9 -859.982
91562.9 -860.332
91476.8 -860.682
91390.7 -861.032
91304.6 -861.381
91218.4 -861.731
91132.2 -862.081
91046 -862.431
90959.7 -862.781
90873.4 -863.131
90787 -863.481
90700.6 -863.83
90614.2 -864.18
90527.8 -864.53
90441.3 -864.88
90354.8 -865.23
90268.2 -865.579
90181.6 -865.929
90095 -866.279
90008.3 -866.629
89921.6 -866.979
89834.9 -867.328
89748.1 -867.678
89661.3 -868.028
89574.5 -868.378
89487.6 -868.727
89400.7 -869.077
89313.8 -869.427
89226.8 -869.777
89139.8 -870.126
89052.7 -870.476
88965.6 -870.826
88878.5 -871.175
88791.4 -871.525
88704.2 -871.875
88617 -872.224
88529.7 -872.574
88442.4 -872.924
88355.1 -873.273
88267.7 -873.623
88180.3 -873.973
88092.9 -874.322
88005.4 -874.672
87917.9 -875.021
87830.4 -875.371
87742.8 -875.72
87655.2 -876.07
87567.6 -876.419
87479.9 -876.769
87392.2 -877.118
87304.4 -877.468
87216.6 -877.817
87128.8 -878.167
87041 -878.516
86953.1 -878.866
86865.2 -879.215
86777.2 -879.564
86689.2 -879.914
86601.2 -880.263
86513.1 -880.612
86425 -880.962
86336.9 -881.311
86248.7 -881.66
86160.5 -882.01
86072.3 -882.359
85984 -882.708
85895.7 -883.057
85807.4 -883.407
85719 -883.756
85630.6 -884.105
85542.1 -884.454
85453.7 -884.803
85365.2 -885.152
85276.6 -885.501
85188 -885.85
85099.4 -886.199
85010.7 -886.548
84922 -886.897
84833.3 -887.246
84744.6 -887.595
84655.8 -887.944
84566.9 -888.293
84478.1 -888.642
84389.2 -888.991
84300.2 -889.339
84211.3 -889.688
84122.3 -890.037
84033.2 -890.386
83944.2 -890.734
83855.1 -891.083
83765.9 -891.432
83676.7 -891.78
83587.5 -892.129
83498.3 -892.478
83409 -892.826
83319.7 -893.175
83230.3 -893.523
83140.9 -893.871
83051.5 -894.22
82962 -894.568
82872.6 -894.917
82783 -895.265
82693.5 -895.613
82603.9 -895.961
82514.2 -896.31
82424.6 -896.658
82334.9 -897.006
82245.1 -897.354
82155.4 -897.702
82065.6 -898.05
81975.7 -898.398
81885.9 -898.746
81795.9 -899.094
81706 -899.442
81616 -899.79
81526 -900.138
81436 -900.485
81345.9 -900.833
81255.8 -901.181
81165.6 -901.529
81075.4 -901.876
80985.2 -902.224
80894.9 -902.571
80804.6 -902.919
80714.3 -903.266
80624 -903.613
80533.6 -903.961
80443.1 -904.308
80352.7 -904.655
80262.2 -905.003
80171.6 -905.35
80081.1 -905.697
79990.5 -906.044
79899.8 -906.391
79809.1 -906.738
79718.4 -907.085
79627.7 -907.432
79536.9 -907.778
79446.1 -908.125
79355.2 -908.472
79264.4 -908.818
79173.4 -909.165
79082.5 -909.512
78991.5 -909.858
78900.5 -910.204
78809.4 -910.551
78718.3 -910.897
78627.2 -911.243
78536.1 -911.59
78444.9 -911.936
78353.6 -912.282
78262.4 -912.628
78171.1 -912.974
78079.7 -913.319
77988.4 -913.665
77897 -914.011
77805.5 -914.357
77714.1 -914.702
77622.6 -915.048
77531 -915.393
77439.5 -915.739
77347.8 -916.084
77256.2 -916.429
77164.5 -916.774
77072.8 -917.12
76981.1 -917.465
76889.3 -917.81
76797.5 -918.155
76705.6 -918.499
76613.7 -918.844
76521.8 -919.189
76429.9 -919.533
76337.9 -919.878
76245.9 -920.222
76153.8 -920.567
76061.7 -920.911
75969.6 -921.255
75877.4 -921.599
75785.2 -921.943
75693 -922.287
75600.7 -922.631
75508.4 -922.975
75416.1 -923.318
75323.7 -923.662
75231.3 -924.005
75138.9 -924.349
75046.4 -924.692
74953.9 -925.035
74861.4 -925.378
74768.8 -925.721
74676.2 -926.064
74583.6 -926.407
74490.9 -926.75
74398.2 -927.092
74305.4 -927.435
74212.7 -927.777
74119.9 -928.12
74027 -928.462
73934.1 -928.804
73841.2 -929.146
73748.3 -929.488
73655.3 -929.829
73562.3 -930.171
73469.2 -930.513
73376.1 -930.854
73283 -931.195
73189.9 -931.537
73096.7 -931.878
73003.4 -932.219
72910.2 -932.559
72816.9 -932.9
72723.6 -933.241
72630.2 -933.581
72536.8 -933.921
72443.4 -934.262
72349.9 -934.602
72256.4 -934.942
72162.9 -935.282
72069.4 -935.621
71975.8 -935.961
71882.1 -936.3
71788.5 -936.64
71694.8 -936.979
71601 -937.318
71507.3 -937.657
71413.5 -937.995
71319.6 -938.334
71225.8 -938.672
71131.9 -939.011
71037.9 -939.349
70944 -939.687
70850 -940.024
70755.9 -940.362
70661.9 -940.7
70567.7 -941.037
70473.6 -941.374
70379.4 -941.711
70285.2 -942.048
70191 -942.385
70096.7 -942.721
70002.4 -943.058
69908.1 -943.394
69813.7 -943.73
69719.3 -944.066
69624.9 -944.402
69530.4 -944.737
69435.9 -945.072
69341.3 -945.408
69246.8 -945.743
69152.2 -946.077
69057.5 -946.412
68962.8 -946.746
68868.1 -947.081
68773.4 -947.415
68678.6 -947.748
68583.8 -948.082
68489 -948.415
68394.1 -948.749
68299.2 -949.082
68204.2 -949.415
68109.3 -949.747
68014.3 -950.08
67919.2 -950.412
67824.1 -950.744
67729 -951.076
67633.9 -951.407
67538.7 -951.738
67443.5 -952.069
67348.3 -952.4
67253 -952.731
67157.7 -953.061
67062.4 -953.392
66967 -953.722
66871.6 -954.051
66776.1 -954.381
66680.7 -954.71
66585.2 -955.039
66489.6 -955.368
66394.1 -955.696
66298.5 -956.025
66202.8 -956.352
66107.1 -956.68
66011.4 -957.008
65915.7 -957.335
65819.9 -957.662
65724.1 -957.989
65628.3 -958.315
65532.5 -958.641
65436.6 -958.967
65340.6 -959.292
65244.7 -959.618
65148.7 -959.943
65052.6 -960.267
64956.6 -960.592
64860.5 -960.916
64764.4 -961.24
64668.2 -961.563
64572 -961.887
64475.8 -962.209
64379.5 -962.532
64283.3 -962.854
64186.9 -963.176
64090.6 -963.498
63994.2 -963.819
63897.8 -964.14
63801.4 -964.461
63704.9 -964.781
63608.4 -965.101
63511.8 -965.421
63415.2 -965.74
63318.6 -966.059
63222 -966.378
63125.3 -966.696
63028.6 -967.014
62931.9 -967.332
62835.1 -967.649
62738.3 -967.966
62641.5 -968.282
62544.7 -968.598
62447.8 -968.914
62350.8 -969.229
62253.9 -969.544
62156.9 -969.859
62059.9 -970.173
61962.8 -970.487
61865.7 -970.8
61768.6 -971.113
61671.5 -971.425
61574.3 -971.737
61477.1 -972.049
61379.9 -972.36
61282.6 -972.671
61185.3 -972.982
61088 -973.291
60990.6 -973.601
60893.2 -973.91
60795.8 -974.219
60698.4 -974.527
60600.9 -974.834
60503.4 -975.142
60405.8 -975.448
60308.2 -975.755
60210.6 -976.061
60113 -976.366
60015.3 -976.671
59917.6 -976.975
59819.9 -977.279
59722.1 -977.582
59624.4 -977.885
59526.5 -978.187
59428.7 -978.489
59330.8 -978.79
59232.9 -979.091
59135 -979.391
59037 -979.691
58939 -979.99
58841 -980.289
58742.9 -980.587
58644.8 -980.884
58546.7 -981.181
58448.6 -981.477
58350.4 -981.773
58252.2 -982.068
58153.9 -982.362
58055.7 -982.656
57957.4 -982.95
57859 -983.242
57760.7 -983.535
57662.3 -983.826
57563.9 -984.117
57465.5 -984.407
57367 -984.697
57268.5 -984.986
57170 -985.274
57071.4 -985.561
56972.8 -985.848
56874.2 -986.135
56775.6 -986.42
56676.9 -986.705
56578.2 -986.989
56479.5 -987.273
56380.7 -987.556
56281.9 -987.838
56183.1 -988.119
56084.3 -988.4
55985.4 -988.68
55886.5 -988.959
55787.6 -989.237
55688.6 -989.515
55589.7 -989.792
55490.7 -990.068
55391.6 -990.343
55292.6 -990.618
55193.5 -990.891
55094.3 -991.164
54995.2 -991.436
54896 -991.708
54796.8 -991.978
54697.6 -992.248
54598.4 -992.517
54499.1 -992.785
54399.8 -993.052
54300.4 -993.318
54201.1 -993.583
54101.7 -993.848
54002.3 -994.111
53902.9 -994.374
53803.4 -994.635
53703.9 -994.896
53604.4 -995.156
53504.8 -995.415
53405.3 -995.673
53305.7 -995.93
53206.1 -996.186
53106.4 -996.441
53006.7 -996.695
52907.1 -996.948
52807.3 -997.2
52707.6 -997.451
52607.8 -997.701
52508 -997.95
52408.2 -998.198
52308.4 -998.445
52208.5 -998.69
52108.6 -998.935
52008.7 -999.179
51908.7 -999.421
51808.8 -999.663
51708.8 -999.903
51608.8 -1000.14
51508.7 -1000.38
51408.7 -1000.62
51308.6 -1000.85
51208.5 -1001.09
51108.3 -1001.32
51008.2 -1001.55
50908 -1001.78
50807.8 -1002.01
50707.6 -1002.24
50607.3 -1002.47
50507.1 -1002.69
50406.8 -1002.92
50306.5 -1003.14
50206.1 -1003.36
50105.8 -1003.49
50005.4 -1003.43
49905.1 -1003.22
49804.8 -1002.88
49704.6 -1002.53
49604.3 -1002.19
49504.2 -1001.84
49404 -1001.49
49303.9 -1001.14
49203.8 -1000.79
49103.8 -1000.44
49003.8 -1000.08
48903.8 -999.73
48803.9 -999.374
48704 -999.017
48604.1 -998.658
48504.3 -998.298
48404.5 -997.937
48304.7 -997.574
48205 -997.21
48105.3 -996.845
48005.7 -996.479
47906 -996.111
47806.5 -995.741
47706.9 -995.37
47607.4 -994.998
47508 -994.625
47408.5 -994.25
47309.2 -993.873
47209.8 -993.495
47110.5 -993.116
47011.2 -992.735
46912 -992.352
46812.8 -991.969
46713.6 -991.583
46614.5 -991.196
46515.4 -990.808
46416.4 -990.418
46317.4 -990.026
46218.4 -989.633
46119.5 -989.238
46020.6 -988.842
45921.8 -988.444
45823 -988.045
45724.2 -987.644
45625.5 -987.241
45526.8 -986.837
45428.1 -986.43
45329.5 -986.023
45231 -985.613
45132.5 -985.202
45034 -984.789
44935.5 -984.375
44837.2 -983.958
44738.8 -983.54
44640.5 -983.121
44542.2 -982.699
44444 -982.276
44345.8 -981.85
44247.7 -981.423
44149.6 -980.995
44051.5 -980.564
43953.5 -980.131
43855.5 -979.697
43757.6 -979.261
43659.7 -978.823
43561.9 -978.383
43464.1 -977.941
43366.3 -977.497
43268.6 -977.051
43171 -976.603
43073.3 -976.153
42975.8 -975.701
42878.3 -975.248
42780.8 -974.792
42683.3 -974.334
42586 -973.874
42488.6 -973.412
42391.3 -972.948
42294.1 -972.482
42196.9 -972.014
42099.7 -971.544
42002.6 -971.071
41905.5 -970.597
41808.5 -970.12
41711.6 -969.641
41614.7 -969.16
41517.8 -968.677
41421 -968.191
41324.2 -967.703
41227.5 -967.213
41130.8 -966.721
41034.2 -966.227
40937.6 -965.73
40841.1 -965.231
40744.6 -964.729
40648.2 -964.225
40551.8 -963.719
40455.5 -963.211
40359.2 -962.7
40263 -962.187
40166.8 -961.671
40070.7 -961.153
39974.7 -960.632
39878.6 -960.109
39782.7 -959.584
39686.8 -959.056
39590.9 -958.525
39495.1 -957.992
39399.4 -957.457
39303.7 -956.919
39208.1 -956.378
39112.5 -955.835
39016.9 -955.289
38921.5 -954.74
38826.1 -954.189
38730.7 -953.635
38635.4 -953.079
38540.1 -952.52
38444.9 -951.958
38349.8 -951.393
38254.7 -950.826
38159.7 -950.256
38064.7 -949.683
37969.8 -949.108
37875 -948.529
37780.2 -947.948
37685.4 -947.364
37590.7 -946.777
37496.1 -946.188
37401.6 -945.595
37307.1 -944.999
37212.6 -944.401
37118.2 -943.8
37023.9 -943.195
36929.7 -942.588
36835.5 -941.978
36741.3 -941.365
36647.3 -940.749
36553.2 -940.129
36459.3 -939.507
36365.4 -938.882
36271.6 -938.253
36177.8 -937.622
36084.1 -936.987
35990.5 -936.349
35896.9 -935.708
35803.4 -935.064
35710 -934.417
35616.6 -933.767
35523.3 -933.113
35430 -932.456
35336.9 -931.796
35243.7 -931.132
35150.7 -930.466
35057.7 -929.796
34964.8 -929.123
34872 -928.446
34779.2 -927.766
34686.5 -927.083
34593.8 -926.396
34501.3 -925.706
34408.8 -925.012
34316.3 -924.315
34224 -923.615
34131.7 -922.911
34039.5 -922.204
33947.3 -921.493
33855.2 -920.779
33763.2 -920.061
33671.3 -919.34
33579.4 -918.615
33487.6 -917.886
33395.9 -917.154
33304.3 -916.418
33212.7 -915.679
33121.2 -914.936
33029.8 -914.189
32938.5 -913.439
32847.2 -912.685
32756 -911.927
32664.9 -911.166
32573.8 -910.401
32482.9 -909.632
32392 -908.859
32301.2 -908.083
32210.4 -907.303
32119.8 -906.519
32029.2 -905.731
31938.7 -904.939
31848.3 -904.144
31758 -903.344
31667.7 -902.541
31577.5 -901.734
31487.5 -900.923
31397.4 -900.108
31307.5 -899.289
31217.7 -898.466
31127.9 -897.639
31038.2 -896.808
30948.6 -895.973
30859.1 -895.134
30769.7 -894.291
30680.3 -893.445
30591.1 -892.594
30501.9 -891.739
30412.8 -890.879
30323.8 -890.016
30234.9 -889.149
30146.1 -888.277
30057.3 -887.402
29968.7 -886.522
29880.1 -885.638
29791.6 -884.75
29703.3 -883.858
29615 -882.962
29526.8 -882.061
29438.6 -881.157
29350.6 -880.248
29262.7 -879.334
29174.8 -878.417
29087.1 -877.495
28999.4 -876.569
28911.9 -875.639
28824.4 -874.704
28737 -873.766
28649.7 -872.822
28562.6 -871.875
28475.5 -870.923
28388.5 -869.967
28301.6 -869.007
28214.8 -868.042
28128 -867.073
28041.4 -866.099
27954.9 -865.121
27868.5 -864.139
27782.2 -863.152
27696 -862.161
27609.9 -861.166
27523.8 -860.166
27437.9 -859.162
27352.1 -858.153
27266.4 -857.14
27180.8 -856.122
27095.3 -855.1
27009.9 -854.074
26924.6 -853.043
26839.4 -852.007
26754.3 -850.967
26669.3 -849.923
26584.4 -848.874
26499.6 -847.821
26414.9 -846.763
26330.4 -845.701
26245.9 -844.634
26161.5 -843.563
26077.3 -842.487
25993.2 -841.407
25909.1 -840.323
25825.2 -839.233
25741.4 -838.14
25657.7 -837.041
25574.1 -835.939
25490.6 -834.832
25407.2 -833.72
25324 -832.604
25240.8 -831.483
25157.8 -830.358
25074.9 -829.228
24992.1 -828.094
24909.4 -826.955
24826.8 -825.812
24744.3 -824.664
24662 -823.512
24579.7 -822.356
24497.6 -821.195
24415.6 -820.029
24333.7 -818.859
24251.9 -817.684
24170.3 -816.505
24088.8 -815.322
24007.3 -814.134
23926.1 -812.942
23844.9 -811.745
23763.8 -810.543
23682.9 -809.338
23602.1 -808.128
23521.4 -806.913
23440.8 -805.694
23360.4 -804.471
23280 -803.243
23199.8 -802.011
23119.8 -800.775
23039.8 -799.534
22960 -798.288
22880.3 -797.039
22800.7 -795.785
22721.2 -794.527
22641.9 -793.264
22562.7 -791.997
22483.6 -790.726
22404.7 -789.451
22325.9 -788.171
22247.2 -786.887
22168.6 -785.599
22090.2 -784.307
22011.9 -783.01
21933.7 -781.71
21855.7 -780.405
21777.8 -779.096
21700 -777.782
21622.4 -776.465
21544.8 -775.143
21467.5 -773.818
21390.2 -772.488
21313.1 -771.155
21236.1 -769.817
21159.3 -768.475
21082.6 -767.129
21006 -765.779
20929.5 -764.426
20853.2 -763.068
20777.1 -761.706
20701 -760.341
20625.1 -758.971
20549.4 -757.598
20473.7 -756.221
20398.3 -754.84
20322.9 -753.455
20247.7 -752.067
20172.6 -750.674
20097.7 -749.278
20022.9 -747.879
19948.3 -746.475
19873.8 -745.068
19799.4 -743.658
19725.2 -742.243
19651.1 -740.826
19577.2 -739.404
19503.4 -737.979
19429.7 -736.551
19356.2 -735.119
19282.8 -733.683
19209.6 -732.245
19136.5 -730.802
19063.6 -729.357
18990.8 -727.908
18918.1 -726.456
18845.6 -725
18773.3 -723.542
18701.1 -722.08
18629 -720.615
18557.1 -719.147
18485.3 -717.675
18413.7 -716.201
18342.2 -714.723
18270.9 -713.243
18199.7 -711.759
18128.7 -710.272
18057.8 -708.783
17987.1 -707.291
17916.5 -705.795
17846.1 -704.297
17775.8 -702.797
17705.7 -701.293
17635.7 -699.787
17565.9 -698.278
17496.2 -696.766
17426.7 -695.251
17357.3 -693.735
17288.1 -692.215
17219 -690.693
17150.1 -689.169
17081.3 -687.642
17012.7 -686.112
16944.3 -684.581
16876 -683.047
16807.8 -681.51
16739.8 -679.972
16672 -678.431
16604.3 -676.888
16536.7 -675.343
16469.4 -673.795
16402.1 -672.246
16335.1 -670.695
16268.2 -669.141
16201.4 -667.586
16134.8 -666.029
16068.4 -664.47
16002.1 -662.909
15935.9 -661.346
15869.9 -659.782
15804.1 -658.215
15738.5 -656.647
15673 -655.078
15607.6 -653.507
15542.4 -651.934
15477.4 -650.36
15412.5 -648.784
15347.8 -647.207
15283.2 -645.629
15218.8 -644.049
15154.6 -642.467
15090.5 -640.885
15026.5 -639.301
14962.8 -637.716
14899.2 -636.13
14835.7 -634.543
14772.4 -632.955
14709.3 -631.366
14646.3 -629.776
14583.5 -628.185
14520.8 -626.593
14458.3 -625
14396 -623.406
14333.8 -621.812
14271.8 -620.216
14209.9 -618.62
14148.2 -617.024
14086.7 -615.427
14025.3 -613.829
13964.1 -612.231
13903 -610.632
13842.1 -609.033
13781.3 -607.433
13720.8 -605.833
13660.3 -604.233
13600.1 -602.633
13540 -601.032
13480 -599.431
13420.2 -597.83
13360.6 -596.229
13301.2 -594.628
13241.9 -593.026
13182.7 -591.425
13123.7 -589.824
13064.9 -588.223
13006.2 -586.622
12947.7 -585.021
12889.4 -583.42
12831.2 -581.82
12773.2 -580.22
12715.3 -578.62
12657.6 -577.021
12600.1 -575.422
12542.7 -573.824
12485.5 -572.226
12428.4 -570.629
12371.5 -569.032
12314.8 -567.436
12258.2 -565.84
12201.8 -564.245
12145.5 -562.651
12089.4 -561.058
12033.5 -559.465
11977.7 -557.874
11922 -556.283
11866.6 -554.693
11811.3 -553.104
11756.1 -551.516
11701.1 -549.929
11646.3 -548.344
11591.6 -546.759
11537.1 -545.176
11482.7 -543.593
11428.5 -542.012
11374.5 -540.432
11320.6 -538.854
11266.9 -537.277
11213.3 -535.701
11159.9 -534.126
11106.6 -532.553
11053.5 -530.982
11000.6 -529.412
10947.8 -527.843
10895.2 -526.276
10842.7 -524.711
10790.4 -523.147
10738.2 -521.585
10686.2 -520.025
10634.4 -518.467
10582.7 -516.91
10531.2 -515.355
10479.8 -513.802
10428.5 -512.251
10377.5 -510.701
10326.6 -509.154
10275.8 -507.608
10225.2 -506.065
10174.7 -504.524
10124.4 -502.984
10074.3 -501.447
10024.3 -499.912
9974.47 -498.379
9924.79 -496.848
9875.25 -495.319
9825.87 -493.793
9776.65 -492.268
9727.57 -490.747
9678.65 -489.227
9629.88 -487.71
9581.26 -486.195
9532.79 -484.682
9484.47 -483.172
9436.31 -481.665
9388.29 -480.16
9340.43 -478.657
9292.71 -477.157
9245.14 -475.659
9197.73 -474.164
9150.46 -472.672
9103.34 -471.182
9056.37 -469.695
9009.55 -468.21
8962.88 -466.729
8916.35 -465.25
8869.98 -463.773
8823.75 -462.3
8777.66 -460.829
8731.73 -459.361
8685.94 -457.896
8640.29 -456.433
8594.8 -454.974
8549.44 -453.517
8504.24 -452.064
8459.18 -450.613
8414.26 -449.165
8369.49 -447.72
8324.86 -446.278
8280.37 -444.84
8236.03 -443.404
8191.84 -441.971
8147.78 -440.541
8103.87 -439.115
8060.1 -437.691
8016.48 -436.27
7972.99 -434.853
7929.65 -433.439
7886.44 -432.028
7843.38 -430.62
7800.46 -429.215
7757.68 -427.814
7715.04 -426.416
7672.53 -425.02
7630.17 -423.629
7587.95 -422.24
7545.86 -420.855
7503.91 -419.473
7462.1 -418.094
7420.43 -416.719
7378.9 -415.347
7337.5 -413.978
7296.24 -412.613
7255.11 -411.251
7214.12 -409.892
7173.27 -408.537
7132.55 -407.185
7091.97 -405.836
7051.52 -404.491
7011.2 -403.15
6971.02 -401.812
6930.97 -400.477
6891.06 -399.146
6851.28 -397.818
6811.63 -396.493
6772.11 -395.172
6732.73 -393.855
6693.47 -392.541
6654.35 -391.231
6615.36 -389.924
6576.49 -388.621
6537.76 -387.321
6499.16 -386.024
6460.69 -384.732
6422.34 -383.442
6384.13 -382.157
6346.04 -380.874
6308.08 -379.596
6270.25 -378.321
6232.54 -377.049
6194.96 -375.782
6157.51 -374.517
6120.19 -373.257
6082.99 -372
6045.91 -370.746
6008.96 -369.496
5972.14 -368.25
5935.43 -367.007
5898.86 -365.768
5862.4 -364.532
5826.07 -363.301
5789.87 -362.072
5753.78 -360.848
5717.82 -359.627
5681.98 -358.409
5646.26 -357.195
5610.66 -355.985
5575.18 -354.779
5539.82 -353.576
5504.59 -352.376
5469.47 -351.181
5434.47 -349.989
5399.59 -348.8
5364.83 -347.615
5330.18 -346.434
5295.66 -345.257
5261.25 -344.083
5226.96 -342.912
5192.78 -341.746
5158.73 -340.583
5124.78 -339.423
5090.96 -338.268
5057.25 -337.115
5023.65 -335.967
4990.17 -334.822
4956.8 -333.68
4923.54 -332.543
4890.4 -331.409
4857.37 -330.278
4824.46 -329.151
4791.66 -328.028
4758.97 -326.908
4726.39 -325.792
4693.92 -324.68
4661.56 -323.571
4629.31 -322.465
4597.18 -321.364
4565.15 -320.265
4533.23 -319.171
4501.43 -318.08
4469.73 -316.992
4438.14 -315.908
4406.65 -314.828
4375.28 -313.751
4344.01 -312.678
4312.85 -311.608
4281.79 -310.542
4250.85 -309.479
4220 -308.42
4189.27 -307.365
4158.64 -306.313
4128.11 -305.264
4097.69 -304.219
4067.37 -303.177
4037.16 -302.139
4007.05 -301.105
3977.04 -300.074
3947.13 -299.046
3917.33 -298.022
3887.63 -297.001
3858.03 -295.984
3828.54 -294.97
3799.14 -293.96
3769.84 -292.953
3740.65 -291.949
3711.55 -290.949
3682.56 -289.953
3653.66 -288.96
3624.87 -287.97
3596.17 -286.983
3567.57 -286
3539.06 -285.021
3510.66 -284.044
3482.35 -283.071
3454.14 -282.102
3427.02 -271.246
3400.9 -261.171
3375.72 -251.794
3351.42 -243.046
3327.93 -234.865
3305.21 -227.197
3283.21 -219.994
3261.89 -213.216
3241.21 -206.826
3221.13 -200.791
3201.62 -195.082
3182.65 -189.673
3164.2 -184.541
3146.23 -179.665
3128.73 -175.026
3111.67 -170.608
3095.03 -166.394
3078.79 -162.37
3062.94 -158.524
3047.45 -154.845
3032.32 -151.32
3017.53 -147.942
3003.06 -144.7
2988.9 -141.587
2975.04 -138.594
2961.47 -135.716
2948.17 -132.945
2935.14 -130.275
2922.37 -127.701
2909.85 -125.217
2897.57 -122.82
2885.52 -120.504
2873.69 -118.265
2862.08 -116.099
2850.68 -114.003
2839.49 -111.973
2828.49 -110.007
2817.68 -108.101
2807.05 -106.252
2796.59 -104.586
2786.28 -103.151
2776.09 -101.907
2766.01 -100.798
2756.03 -99.7194
2746.17 -98.6704
2736.4 -97.6499
2726.74 -96.6569
2717.17 -95.6903
2707.69 -94.7492
2698.31 -93.8326
2689.01 -92.9398
2679.81 -92.07
2670.68 -91.2222
2661.64 -90.3958
2652.69 -89.59
2643.81 -88.8042
2635 -88.0377
2626.27 -87.2898
2617.62 -86.5601
2609.03 -85.8478
2600.52 -85.1524
2592.07 -84.4735
2583.69 -83.8105
2575.37 -83.1628
2567.12 -82.5301
2558.93 -81.9119
2550.8 -81.3078
2542.72 -80.7172
2534.71 -80.1399
2526.75 -79.5755
2518.85 -79.0235
2511 -78.4836
2503.21 -77.9556
2495.46 -77.4389
2487.77 -76.9334
2480.12 -76.4387
2472.53 -75.9545
2464.98 -75.4805
2457.48 -75.0165
2450.02 -74.5622
2442.61 -74.1173
2435.24 -73.6816
2427.92 -73.2548
2420.63 -72.8367
2413.39 -72.427
2406.19 -72.0257
2399.02 -71.6324
2391.9 -71.2469
2384.81 -70.8691
2377.76 -70.4987
2370.75 -70.1356
2363.77 -69.7795
2356.83 -69.4304
2349.92 -69.0881
2343.04 -68.7523
2336.2 -68.423
2329.39 -68.0999
2322.61 -67.7829
2315.87 -67.4719
2309.15 -67.1668
2302.46 -66.8674
2295.8 -66.5735
2289.18 -66.2851
2282.58 -66.0019
2276 -65.724
2269.46 -65.4512
2262.94 -65.1833
2256.45 -64.9203
2249.98 -64.662
2243.54 -64.4083
2237.12 -64.1592
2230.73 -63.9145
2224.37 -63.6742
2218.02 -63.4381
2211.7 -63.2062
2205.4 -62.9783
2199.13 -62.7544
2192.87 -62.5344
2186.64 -62.3182
2180.43 -62.1057
2174.24 -61.8969
2168.07 -61.6917
2161.92 -61.4899
2155.79 -61.2916
2149.68 -61.0967
2143.59 -60.905
2137.52 -60.7166
2131.47 -60.5313
2125.43 -60.3491
2119.42 -60.1699
2113.42 -59.9937
2107.43 -59.8204
2101.47 -59.65
2095.52 -59.4824
2089.59 -59.3175
2083.67 -59.1553
2077.77 -58.9957
2071.89 -58.8387
2066.02 -58.6842
2060.17 -58.5322
2054.33 -58.3827
2048.51 -58.2355
2042.7 -58.0907
2036.9 -57.9481
2031.12 -57.8079
2025.35 -57.6698
2019.6 -57.5339
2013.86 -57.4001
2008.13 -57.2685
2002.42 -57.1388
1996.72 -57.0112
1991.03 -56.8856
1985.35 -56.7618
1979.69 -56.64
1974.04 -56.5201
1968.4 -56.402
1962.77 -56.2856
1957.15 -56.1711
1951.55 -56.0583
1945.95 -55.9471
1940.37 -55.8377
1934.79 -55.7299
1929.23 -55.6237
1923.68 -55.519
1918.14 -55.416
1912.61 -55.3144
1907.08 -55.2144
1901.57 -55.1158
1896.07 -55.0187
1890.58 -54.9229
1885.1 -54.8286
1879.62 -54.7357
1874.16 -54.6441
1868.7 -54.5538
1863.26 -54.4648
1857.82 -54.3771
1852.39 -54.2907
1846.97 -54.2054
1841.56 -54.1214
1836.15 -54.0386
1830.76 -53.957
1825.37 -53.8765
1819.99 -53.7971
1814.62 -53.7188
1809.25 -53.6417
1803.9 -53.5656
1798.55 -53.4905
1793.2 -53.4165
1787.87 -53.3435
1782.54 -53.2715
1777.22 -53.2005
1771.91 -53.1305
1766.6 -53.0614
1761.3 -52.9933
1756.01 -52.926
1750.73 -52.8597
1745.45 -52.7943
1740.17 -52.7297
1734.91 -52.666
1729.65 -52.6031
1724.39 -52.5411
1719.14 -52.4799
1713.9 -52.4195
1708.67 -52.3599
1703.44 -52.301
1698.21 -52.243
1692.99 -52.1856
1687.78 -52.1291
1682.57 -52.0732
1677.37 -52.0181
1672.17 -51.9636
1666.98 -51.9099
1661.8 -51.8568
1656.62 -51.8044
1651.44 -51.7527
1646.27 -51.7016
1641.11 -51.6512
1635.95 -51.6014
1630.79 -51.5521
1625.64 -51.5036
1620.49 -51.4556
1615.35 -51.4081
1610.22 -51.3613
1605.09 -51.315
1599.96 -51.2693
1594.84 -51.2242
1589.72 -51.1796
1584.6 -51.1355
1579.49 -51.0919
1574.39 -51.0489
1569.29 -51.0064
1564.19 -50.9643
1559.1 -50.9228
1554.01 -50.8817
1548.93 -50.8412
1543.85 -50.801
1538.77 -50.7614
1533.7 -50.7222
1528.63 -50.6835
1523.57 -50.6451
1518.5 -50.6073
1513.45 -50.5698
1508.39 -50.5328
1503.34 -50.4962
1498.3 -50.46
1493.26 -50.4241
1488.22 -50.3887
1483.18 -50.3537
1478.15 -50.319
1473.12 -50.2848
1468.1 -50.2508
1463.07 -50.2173
1458.06 -50.1841
1453.04 -50.1513
1448.03 -50.1188
1443.02 -50.0866
1438.01 -50.0548
1433.01 -50.0233
1428.01 -49.9922
1423.02 -49.9613
1418.02 -49.9308
1413.03 -49.9006
1408.05 -49.8707
1403.06 -49.8411
1398.08 -49.8118
1393.1 -49.7828
1388.13 -49.754
1383.15 -49.7256
1378.18 -49.6974
1373.22 -49.6695
1368.25 -49.6419
1363.29 -49.6145
1358.33 -49.5874
1353.38 -49.5606
1348.42 -49.534
1343.47 -49.5077
1338.52 -49.4816
1333.58 -49.4557
1328.63 -49.4301
1323.69 -49.4047
1318.76 -49.3746
1313.82 -49.3231
1308.9 -49.2535
1303.98 -49.1686
1299.07 -49.071
1294.18 -48.9626
1289.29 -48.8452
1284.42 -48.7202
1279.56 -48.5889
1274.72 -48.4524
1269.89 -48.3114
1265.07 -48.1668
1260.27 -48.0191
1255.48 -47.869
1250.71 -47.7169
1245.95 -47.5632
1241.21 -47.4081
1236.49 -47.252
1231.78 -47.0951
1227.08 -46.9376
1222.4 -46.7796
1217.74 -46.6214
1213.1 -46.463
1208.47 -46.3045
1203.85 -46.146
1199.25 -45.9875
1194.67 -45.8293
1190.1 -45.6712
1185.55 -45.5133
1181.01 -45.3557
1176.49 -45.1984
1171.99 -45.0414
1167.5 -44.8848
1163.03 -44.7286
1158.57 -44.5727
1154.13 -44.4172
1149.7 -44.2621
1145.29 -44.1075
1140.9 -43.9532
1136.52 -43.7994
1132.15 -43.646
1127.8 -43.4931
1123.47 -43.3406
1119.15 -43.1885
1114.85 -43.0369
1110.56 -42.8857
1106.28 -42.735
1102.03 -42.5847
1097.78 -42.4348
1093.55 -42.2855
1089.34 -42.1365
1085.14 -41.988
1080.96 -41.84
1076.79 -41.6924
1072.63 -41.5453
1068.49 -41.3986
1064.37 -41.2523
1060.26 -41.1065
1056.16 -40.9612
1052.08 -40.8163
1048.01 -40.6718
1043.96 -40.5278
1039.92 -40.3842
1035.9 -40.2411
1031.89 -40.0984
1027.89 -39.9561
1023.91 -39.8143
1019.94 -39.6729
1015.99 -39.532
1012.05 -39.3915
1008.12 -39.2514
1004.21 -39.1118
1000.32 -38.9726
996.432 -38.8338
992.562 -38.6955
988.706 -38.5576
984.864 -38.4201
981.036 -38.2831
977.221 -38.1465
973.42 -38.0103
969.632 -37.8745
965.858 -37.7392
962.098 -37.6043
958.351 -37.4698
954.617 -37.3357
950.897 -37.2021
947.19 -37.0688
943.496 -36.936
939.816 -36.8037
936.148 -36.6717
932.494 -36.5401
928.853 -36.409
925.225 -36.2783
921.611 -36.1479
918.009 -36.018
914.42 -35.8886
910.844 -35.7595
907.281 -35.6308
903.73 -35.5025
900.193 -35.3747
896.668 -35.2472
893.156 -35.1202
889.656 -34.9936
886.169 -34.8673
882.695 -34.7415
879.234 -34.6161
875.784 -34.491
872.348 -34.3664
868.923 -34.2422
865.511 -34.1183
862.112 -33.9949
858.725 -33.8719
855.35 -33.7492
851.987 -33.627
848.636 -33.5051
845.298 -33.3837
841.971 -33.2626
838.657 -33.1419
835.355 -33.0216
832.065 -32.9017
828.786 -32.7822
825.52 -32.663
822.265 -32.5443
819.023 -32.4259
815.792 -32.3079
812.573 -32.1903
809.365 -32.0731
806.17 -31.9563
802.986 -31.8398
799.813 -31.7238
796.652 -31.6081
793.503 -31.4927
790.365 -31.3778
787.239 -31.2632
784.124 -31.149
781.02 -31.0352
777.928 -30.9217
774.847 -30.8087
771.777 -30.6959
768.719 -30.5836
765.671 -30.4716
762.635 -30.36
759.61 -30.2488
756.596 -30.1379
753.594 -30.0274
750.602 -29.9172
747.621 -29.8075
744.651 -29.698
741.692 -29.589
738.744 -29.4803
735.807 -29.3719
732.88 -29.2639
729.965 -29.1563
727.06 -29.049
724.165 -28.9421
721.282 -28.8355
718.409 -28.7293
715.546 -28.6235
712.694 -28.518
709.853 -28.4128
707.022 -28.308
704.202 -28.2036
701.392 -28.0994
698.592 -27.9957
695.803 -27.8923
693.024 -27.7892
690.255 -27.6865
687.496 -27.5841
684.748 -27.482
682.01 -27.3803
679.282 -27.279
676.564 -27.178
673.856 -27.0773
671.158 -26.9769
668.471 -26.8769
665.793 -26.7773
663.125 -26.6779
660.467 -26.5789
657.819 -26.4802
655.181 -26.3819
652.552 -26.2839
649.933 -26.1862
647.324 -26.0889
644.725 -25.9919
642.136 -25.8952
639.556 -25.7988
636.985 -25.7028
634.424 -25.6071
631.873 -25.5117
629.331 -25.4166
626.799 -25.3219
624.276 -25.2275
621.763 -25.1334
619.259 -25.0396
616.764 -24.9461
614.279 -24.853
611.803 -24.7602
609.336 -24.6677
606.878 -24.5755
604.43 -24.4836
601.991 -24.392
599.56 -24.3008
597.139 -24.2098
594.727 -24.1192
592.324 -24.0289
589.93 -23.9389
587.545 -23.8492
585.169 -23.7598
582.802 -23.6707
580.444 -23.5819
578.094 -23.4934
575.754 -23.4053
573.422 -23.3174
571.099 -23.2298
568.785 -23.1426
566.479 -23.0556
564.182 -22.969
561.894 -22.8826
559.614 -22.7965
557.343 -22.7108
555.08 -22.6253
552.826 -22.5401
550.58 -22.4552
548.343 -22.3706
546.114 -22.2863
543.894 -22.2023
541.682 -22.1186
539.479 -22.0352
537.283 -21.9521
535.096 -21.8692
532.918 -21.7867
530.747 -21.7044
528.585 -21.6224
526.431 -21.5407
524.285 -21.4593
522.147 -21.3782
520.017 -21.2973
517.895 -21.2168
515.781 -21.1365
513.676 -21.0565
511.578 -20.9768
509.488 -20.8973
507.406 -20.8182
505.332 -20.7393
503.266 -20.6607
501.208 -20.5824
499.157 -20.5043
497.114 -20.4265
495.079 -20.349
493.052 -20.2718
491.033 -20.1948
489.021 -20.1181
487.016 -20.0417
485.02 -19.9655
483.031 -19.8896
481.049 -19.814
479.075 -19.7386
477.109 -19.6635
475.15 -19.5887
473.198 -19.5142
471.254 -19.4399
469.318 -19.3658
467.388 -19.2921
465.466 -19.2185
463.552 -19.1453
461.644 -19.0723
459.744 -18.9996
457.852 -18.9271
455.966 -18.8549
454.088 -18.7829
452.217 -18.7112
450.352 -18.6398
448.496 -18.5686
446.646 -18.4976
444.803 -18.4269
442.967 -18.3565
441.138 -18.2863
439.317 -18.2164
437.502 -18.1467
435.694 -18.0772
433.893 -18.008
432.099 -17.9391
430.312 -17.8704
428.532 -17.802
426.758 -17.7337
424.992 -17.6658
423.232 -17.5981
421.479 -17.5306
419.732 -17.4634
417.993 -17.3964
416.26 -17.3296
414.533 -17.2631
412.813 -17.1968
411.1 -17.1308
409.394 -17.065
407.694 -16.9994
406 -16.9341
404.313 -16.869
402.633 -16.8042
400.959 -16.7395
399.291 -16.6751
397.63 -16.611
395.975 -16.5471
394.327 -16.4834
392.684 -16.4199
391.049 -16.3567
389.419 -16.2937
387.796 -16.2309
386.179 -16.1683
384.568 -16.106
382.964 -16.0439
381.366 -15.982
379.774 -15.9204
378.188 -15.859
376.608 -15.7978
375.034 -15.7368
373.466 -15.676
371.905 -15.6155
370.349 -15.5552
368.799 -15.4951
367.256 -15.4352
365.718 -15.3755
364.187 -15.3161
362.661 -15.2568
361.141 -15.1978
359.627 -15.139
358.119 -15.0804
356.617 -15.0221
355.12 -14.9639
353.629 -14.906
352.144 -14.8482
350.665 -14.7907
349.192 -14.7334
347.724 -14.6763
346.262 -14.6194
344.806 -14.5627
343.355 -14.5063
341.91 -14.45
340.47 -14.3939
339.037 -14.3381
337.608 -14.2824
336.185 -14.227
334.768 -14.1717
333.356 -14.1167
331.95 -14.0619
330.549 -14.0072
329.154 -13.9528
327.764 -13.8986
326.38 -13.8445
325 -13.7907
323.627 -13.737
322.258 -13.6836
320.895 -13.6304
319.537 -13.5773
318.185 -13.5245
316.837 -13.4718
315.495 -13.4193
314.159 -13.3671
312.827 -13.315
311.501 -13.2631
310.179 -13.2114
308.863 -13.1599
307.552 -13.1086
306.247 -13.0575
304.946 -13.0066
303.65 -12.9558
302.36 -12.9053
301.074 -12.8549
299.793 -12.8048
298.518 -12.7548
297.247 -12.705
295.982 -12.6553
294.721 -12.6059
293.465 -12.5566
292.214 -12.5076
290.968 -12.4587
289.727 -12.41
288.491 -12.3615
287.26 -12.3131
286.033 -12.265
284.811 -12.217
283.594 -12.1692
282.382 -12.1216
281.175 -12.0741
279.972 -12.0268
278.774 -11.9797
277.58 -11.9328
276.392 -11.8861
275.208 -11.8395
274.028 -11.7931
272.853 -11.7469
271.683 -11.7009
270.518 -11.655
269.357 -11.6093
268.2 -11.5637
267.048 -11.5184
265.901 -11.4732
264.758 -11.4282
263.62 -11.3833
262.486 -11.3386
261.356 -11.2941
260.231 -11.2498
259.11 -11.2056
257.994 -11.1616
256.882 -11.1177
255.775 -11.074
254.672 -11.0305
253.573 -10.9872
252.478 -10.944
251.388 -10.9009
250.302 -10.8581
249.221 -10.8153
248.143 -10.7728
247.07 -10.7304
246.001 -10.6882
244.937 -10.6461
243.876 -10.6042
242.82 -10.5625
241.768 -10.5209
240.72 -10.4794
239.676 -10.4381
238.636 -10.397
237.6 -10.3561
236.569 -10.3152
235.541 -10.2746
234.518 -10.2341
233.498 -10.1937
232.483 -10.1535
231.471 -10.1135
230.464 -10.0736
229.46 -10.0338
228.461 -9.99424
227.465 -9.9548
226.474 -9.91551
225.486 -9.87636
224.502 -9.83737
223.522 -9.79852
222.546 -9.75982
221.574 -9.72127
220.606 -9.68286
219.641 -9.6446
218.68 -9.60648
217.723 -9.56851
216.77 -9.53069
215.821 -9.49301
214.875 -9.45547
213.933 -9.41807
212.995 -9.38082
212.061 -9.34371
211.13 -9.30674
210.203 -9.26991
209.279 -9.23322
208.36 -9.19667
207.443 -9.16027
206.531 -9.124
205.622 -9.08787
204.717 -9.05187
203.815 -9.01602
202.917 -8.9803
202.023 -8.94472
201.131 -8.90927
200.244 -8.87396
199.36 -8.83878
198.48 -8.80374
197.603 -8.76884
196.729 -8.73406
195.859 -8.69942
194.993 -8.66492
194.129 -8.63054
193.27 -8.5963
192.413 -8.56219
191.56 -8.5282
190.711 -8.49435
189.865 -8.46063
189.022 -8.42704
188.183 -8.39358
187.346 -8.36024
186.514 -8.32704
185.684 -8.29396
184.858 -8.26101
184.035 -8.22818
183.215 -8.19549
182.399 -8.16291
181.586 -8.13046
180.776 -8.09814
179.969 -8.06594
179.166 -8.03387
178.366 -8.00192
177.569 -7.97009
176.775 -7.93839
175.984 -7.9068
175.196 -7.87534
174.412 -7.844
173.63 -7.81278
172.852 -7.78168
172.077 -7.75071
171.305 -7.71985
170.536 -7.68911
169.77 -7.65848
169.007 -7.62798
168.247 -7.5976
167.49 -7.56733
166.737 -7.53718
165.986 -7.50714
165.238 -7.47722
164.493 -7.44742
163.751 -7.41774
163.012 -7.38816
162.276 -7.3587
161.543 -7.32936
160.813 -7.30013
160.086 -7.27101
159.362 -7.24201
158.64 -7.21312
157.922 -7.18434
157.206 -7.15567
156.494 -7.12711
155.784 -7.09867
155.076 -7.07033
154.372 -7.0421
153.671 -7.01399
152.972 -6.98598
152.276 -6.95808
151.583 -6.93029
150.893 -6.90261
150.205 -6.87503
149.52 -6.84756
148.838 -6.8202
148.159 -6.79295
147.482 -6.7658
146.808 -6.73876
146.137 -6.71182
145.468 -6.68498
144.802 -6.65826
144.139 -6.63163
143.478 -6.60511
142.821 -6.57869
142.165 -6.55238
141.512 -6.52616
140.862 -6.50005
140.215 -6.47405
139.57 -6.44814
138.928 -6.42233
138.288 -6.39663
137.651 -6.37102
137.016 -6.34552
136.384 -6.32011
135.754 -6.2948
135.127 -6.26959
134.503 -6.24449
133.881 -6.21947
133.261 -6.19456
132.644 -6.16974
132.03 -6.14502
131.418 -6.1204
130.808 -6.09587
130.201 -6.07144
129.596 -6.04711
128.993 -6.02287
128.394 -5.99872
127.796 -5.97467
127.201 -5.95072
126.608 -5.92685
126.018 -5.90308
125.43 -5.87941
124.844 -5.85582
124.261 -5.83233
123.68 -5.80893
123.101 -5.78562
122.525 -5.76241
121.951 -5.73928
121.379 -5.71625
120.81 -5.6933
120.242 -5.67045
119.678 -5.64769
119.115 -5.62501
118.555 -5.60242
117.997 -5.57993
117.441 -5.55752
116.887 -5.5352
116.336 -5.51296
115.787 -5.49082
115.24 -5.46876
114.695 -5.44678
114.152 -5.4249
113.612 -5.4031
113.074 -5.38138
112.538 -5.35975
112.004 -5.33821
111.472 -5.31675
110.942 -5.29537
110.415 -5.27408
109.889 -5.25288
109.366 -5.23175
108.845 -5.21071
108.326 -5.18975
107.809 -5.16888
107.294 -5.14809
106.781 -5.12738
106.271 -5.10675
105.762 -5.0862
105.255 -5.06573
104.751 -5.04534
104.248 -5.02504
103.747 -5.00481
103.249 -4.98467
102.752 -4.9646
102.258 -4.94461
101.765 -4.9247
101.275 -4.90487
100.786 -4.88512
100.299 -4.86545
99.8147 -4.84585
99.332 -4.82633
98.8512 -4.80689
98.3724 -4.78752
97.8955 -4.76824
97.4205 -4.74902
96.9474 -4.72989
96.4762 -4.71083
96.007 -4.69184
95.5396 -4.67293
95.0741 -4.65409
94.6105 -4.63533
94.1487 -4.61665
93.6888 -4.59803
93.2308 -4.57949
92.7746 -4.56103
92.3203 -4.54264
91.8678 -4.52432
91.4171 -4.50607
90.9682 -4.48789
90.5211 -4.46979
90.0759 -4.45176
89.6324 -4.4338
89.1907 -4.41591
88.7508 -4.39809
88.3127 -4.38034
87.8764 -4.36266
87.4418 -4.34506
87.0089 -4.32752
86.5778 -4.31005
86.1485 -4.29265
85.7209 -4.27532
85.295 -4.25806
84.8708 -4.24087
84.4483 -4.22375
84.0276 -4.20669
83.6085 -4.1897
83.1912 -4.17278
82.7755 -4.15593
82.3615 -4.13914
81.9492 -4.12242
81.5385 -4.10577
81.1295 -4.08918
80.7222 -4.07266
80.3164 -4.0562
79.9124 -4.03981
79.5099 -4.02348
79.1091 -4.00722
78.71 -3.99103
78.3124 -3.9749
77.9164 -3.95883
77.522 -3.94282
77.1293 -3.92688
76.7381 -3.91101
76.3485 -3.89519
75.9604 -3.87944
75.574 -3.86376
75.1891 -3.84813
74.8057 -3.83257
74.424 -3.81707
74.0437 -3.80163
73.665 -3.78625
73.2878 -3.77093
72.9122 -3.75568
72.538 -3.74048
72.1654 -3.72535
71.7943 -3.71027
71.4247 -3.69526
71.0566 -3.6803
70.6899 -3.66541
70.3248 -3.65057
69.9611 -3.6358
69.5989 -3.62108
69.2382 -3.60642
68.879 -3.59182
68.5211 -3.57728
68.1648 -3.56279
67.8099 -3.54837
67.4564 -3.534
67.1043 -3.51969
66.7537 -3.50543
66.4045 -3.49124
66.0567 -3.4771
65.7103 -3.46301
65.3653 -3.44899
65.0217 -3.43501
64.6795 -3.4211
64.3387 -3.40724
63.9993 -3.39343
63.6612 -3.37968
63.3246 -3.36599
62.9892 -3.35235
62.6553 -3.33876
62.3227 -3.32523
61.9914 -3.31175
61.6615 -3.29833
61.3329 -3.28496
61.0057 -3.27164
60.6797 -3.25838
60.3551 -3.24517
60.0318 -3.23201
59.7099 -3.21891
59.3892 -3.20585
59.0698 -3.19285
58.7518 -3.17991
58.435 -3.16701
58.1195 -3.15417
57.8052 -3.14137
57.4923 -3.12863
57.1806 -3.11594
56.8702 -3.1033
56.561 -3.09071
56.2531 -3.07817
55.9465 -3.06568
55.6411 -3.05324
55.3369 -3.04086
55.034 -3.02852
54.7323 -3.01623
54.4318 -3.00399
54.1325 -2.99179
53.8345 -2.97965
53.5376 -2.96756
53.242 -2.95551
52.9476 -2.94351
52.6543 -2.93157
52.3623 -2.91966
52.0714 -2.90781
51.7817 -2.896
51.4932 -2.88425
51.2059 -2.87253
50.9197 -2.86087
50.6347 -2.84925
50.3508 -2.83768
50.0681 -2.82616
49.7866 -2.81468
49.5062 -2.80325
49.2269 -2.79186
48.9488 -2.78052
48.6717 -2.76922
48.3959 -2.75797
48.1211 -2.74677
47.8475 -2.73561
47.5749 -2.7245
47.3035 -2.71343
47.0332 -2.7024
46.7639 -2.69142
46.4958 -2.68048
46.2288 -2.66959
45.9628 -2.65874
45.6979 -2.64793
45.4341 -2.63717
45.1714 -2.62645
44.9097 -2.61577
44.6491 -2.60514
44.3896 -2.59455
44.1311 -2.584
43.8737 -2.5735
43.6173 -2.56303
43.3619 -2.55261
43.1076 -2.54223
42.8544 -2.5319
42.6021 -2.5216
42.3509 -2.51135
42.1007 -2.50113
41.8515 -2.49096
41.6033 -2.48083
41.3562 -2.47074
41.11 -2.46069
40.8649 -2.45068
40.6207 -2.44071
40.3776 -2.43078
40.1354 -2.42089
39.8942 -2.41104
39.654 -2.40123
39.4147 -2.39146
39.1765 -2.38173
38.9392 -2.37204
38.7029 -2.36239
38.4675 -2.35278
38.2331 -2.3432
37.9997 -2.33367
37.7672 -2.32417
37.5356 -2.31471
37.305 -2.30529
37.0753 -2.2959
36.8466 -2.28656
36.6188 -2.27725
36.3919 -2.26798
36.1659 -2.25875
35.9409 -2.24955
35.7167 -2.24039
35.4935 -2.23127
35.2712 -2.22219
35.0498 -2.21314
34.8293 -2.20413
34.6097 -2.19515
34.391 -2.18621
34.1732 -2.17731
33.9563 -2.16844
33.7402 -2.15961
33.5251 -2.15081
33.3108 -2.14205
33.0974 -2.13333
32.8848 -2.12464
32.6731 -2.11598
32.4623 -2.10736
32.2523 -2.09878
32.0432 -2.09023
31.835 -2.08171
31.6276 -2.07323
31.421 -2.06478
31.2153 -2.05637
31.0104 -2.04799
30.8064 -2.03965
30.6031 -2.03134
30.4007 -2.02306
30.1992 -2.01481
29.9984 -2.0066
29.7985 -1.99842
29.5994 -1.99028
29.4011 -1.98217
29.2036 -1.97409
29.0069 -1.96604
28.811 -1.95803
28.6159 -1.95005
28.4216 -1.9421
28.2281 -1.93418
28.0354 -1.92629
27.8435 -1.91844
27.6523 -1.91062
27.462 -1.90283
27.2724 -1.89507
27.0836 -1.88734
26.8955 -1.87965
26.7082 -1.87198
26.5217 -1.86435
26.3359 -1.85674
26.1509 -1.84917
25.9667 -1.84163
25.7832 -1.83412
25.6005 -1.82664
25.4184 -1.81919
25.2372 -1.81177
25.0567 -1.80438
24.8769 -1.79702
24.6978 -1.78969
24.5195 -1.78239
24.3419 -1.77512
24.165 -1.76787
23.9889 -1.76066
23.8134 -1.75348
23.6387 -1.74632
23.4647 -1.7392
23.2914 -1.7321
23.1188 -1.72503
22.947 -1.718
22.7758 -1.71098
22.6053 -1.704
22.4355 -1.69705
22.2664 -1.69012
22.098 -1.68323
21.9303 -1.67636
21.7632 -1.66951
21.5969 -1.6627
21.4312 -1.65591
21.2662 -1.64915
21.1019 -1.64242
20.9382 -1.63572
20.7752 -1.62904
20.6129 -1.62239
20.4512 -1.61577
20.2902 -1.60917
20.1299 -1.6026
19.9702 -1.59606
19.8112 -1.58954
19.6528 -1.58305
19.495 -1.57659
19.3379 -1.57015
19.1815 -1.56374
19.0256 -1.55735
18.8705 -1.55099
18.7159 -1.54466
18.562 -1.53835
18.4087 -1.53207
18.256 -1.52581
18.104 -1.51958
17.9526 -1.51338
17.8018 -1.50719
17.6516 -1.50104
17.502 -1.49491
17.353 -1.4888
17.2047 -1.48272
17.0569 -1.47666
16.9098 -1.47063
16.7632 -1.46462
16.6173 -1.45864
16.4719 -1.45268
16.3272 -1.44675
16.183 -1.44083
16.0394 -1.43495
15.8964 -1.42908
15.754 -1.42325
15.6122 -1.41743
15.4709 -1.41164
15.3303 -1.40587
15.1902 -1.40013
15.0506 -1.3944
14.9117 -1.38871
14.7733 -1.38303
14.6355 -1.37738
14.4982 -1.37175
14.3615 -1.36614
14.2254 -1.36056
14.0898 -1.355
13.9548 -1.34946
13.8203 -1.34394
13.6863 -1.33845
13.553 -1.33298
13.4201 -1.32753
13.2878 -1.3221
13.1561 -1.3167
13.0249 -1.31132
12.8942 -1.30596
12.764 -1.30062
12.6344 -1.2953
12.5053 -1.29
12.3768 -1.28473
12.2487 -1.27948
12.1212 -1.27425
11.9942 -1.26904
11.8678 -1.26385
11.7418 -1.25868
11.6164 -1.25353
11.4915 -1.24841
11.367 -1.2433
11.2431 -1.23822
11.1197 -1.23315
10.9968 -1.22811
10.8744 -1.22309
10.7525 -1.21809
10.6312 -1.2131
10.5103 -1.20814
10.3898 -1.2032
10.2699 -1.19828
10.1505 -1.19338
10.0316 -1.1885
9.91313 -1.18364
9.79516 -1.17879
9.67768 -1.17397
9.56068 -1.16917
9.44416 -1.16439
9.32811 -1.15962
9.21254 -1.15488
9.09743 -1.15015
8.9828 -1.14545
8.86864 -1.14076
8.75495 -1.1361
8.64172 -1.13145
8.52895 -1.12682
8.41665 -1.12221
8.3048 -1.11762
8.19341 -1.11304
8.08248 -1.10849
7.972 -1.10395
7.86197 -1.09943
7.75239 -1.09494
7.64326 -1.09045
7.53457 -1.08599
7.42633 -1.08155
7.31854 -1.07712
7.21118 -1.07271
7.10426 -1.06832
6.99778 -1.06395
6.89174 -1.0596
6.78613 -1.05526
6.68095 -1.05094
6.5762 -1.04664
6.47188 -1.04235
6.36798 -1.03809
6.26451 -1.03384
6.16147 -1.02961
6.05884 -1.02539
5.95664 -1.02119
5.85485 -1.017
5.75349 -1.01283
5.65253 -1.00866
5.552 -1.0045
5.45188 -1.00035
5.35217 -0.99621
5.25288 -0.992073
5.154 -0.987942
5.05553 -0.983815
4.95748 -0.979694
4.85984 -0.975576
4.76261 -0.971463
4.66578 -0.967354
4.56937 -0.963248
4.47338 -0.959146
4.37779 -0.955048
4.2826 -0.950954
4.18783 -0.946863
4.09347 -0.942776
3.99952 -0.938692
3.90597 -0.934613
3.81283 -0.930537
3.7201 -0.926465
3.62777 -0.922397
3.53586 -0.918333
3.44434 -0.914274
3.35324 -0.910218
3.26253 -0.906167
3.17224 -0.902121
3.08234 -0.898079
2.99285 -0.894043
2.90377 -0.890011
2.81508 -0.885984
2.7268 -0.881962
2.63892 -0.877946
2.55145 -0.873935
2.46437 -0.869929
2.37769 -0.86593
2.29141 -0.861936
2.20553 -0.857948
2.12005 -0.853966
2.03496 -0.849991
1.95028 -0.846022
1.86599 -0.842059
1.78209 -0.838103
1.69859 -0.834153
1.61548 -0.830211
1.53277 -0.826275
1.45045 -0.822347
1.36852 -0.818425
1.28699 -0.814511
1.20584 -0.810605
1.12509 -0.806706
1.04472 -0.802814
0.964741 -0.798931
0.88515 -0.795055
0.805947 -0.791187
0.727129 -0.787328
0.648696 -0.783476
0.570647 -0.779633
0.492982 -0.775798
